2
470     1   300.0   20000 5
2360     1   450.0   35000 5
30
24043
23750
21087
26808
27276
27178
25788
23584
25403
22651
22754
22399
29932
25060
29676
23368
27739
20012
26226
28586
28094
27539
20795
20570
21434
20378
27467
26601
20097
22902
4.00000   4.00000
12.00000   12.00000
12.00000   4.00000
4.00000   12.00000
12.86000   7.77000
5.93000   15.35000
12.92000   6.49000
15.62000   4.27000
8.59000   9.63000
5.40000   2.26000
13.36000   12.11000
1.67000   4.29000
15.30000   4.62000
4.67000   7.35000
6.02000   4.22000
10.69000   13.67000
0.56000   14.11000
2.29000   5.73000
9.19000   1.84000
15.98000   15.24000
3.70000   8.13000
0.91000   1.80000
2.73000   12.62000
13.96000   12.81000
9.25000   2.84000
3.36000   1.05000
1.29000   5.13000
9.24000   10.95000
13.45000   4.14000
2.34000   7.64000
1 1 0.0  0.0000
1 2 202.5  11.3137
1 3 165.0  8.0000
1 4 165.0  8.0000
1 5 1.0  9.6287
1 6 10.0  11.5129
1 7 7.0  9.2610
1 8 8.0  11.6231
1 9 0.0  7.2640
1 10 6.0  2.2333
1 11 10.0  12.3847
1 12 8.0  2.3480
1 13 9.0  11.3170
1 14 4.0  3.4163
1 15 2.0  2.0319
1 16 4.0  11.7586
1 17 3.0  10.6792
1 18 10.0  2.4325
1 19 3.0  5.6215
1 20 5.0  16.4274
1 21 2.0  4.1409
1 22 10.0  3.7932
1 23 8.0  8.7131
1 24 10.0  13.2973
1 25 5.0  5.3766
1 26 0.0  3.0186
1 27 5.0  2.9362
1 28 10.0  8.7040
1 29 6.0  9.4510
1 30 10.0  4.0006
2 1 97.5  11.3137
2 2 0.0  0.0000
2 3 217.5  8.0000
2 4 105.0  8.0000
2 5 10.0  4.3165
2 6 5.0  6.9331
2 7 6.0  5.5863
2 8 9.0  8.5356
2 9 10.0  4.1527
2 10 4.0  11.7655
2 11 9.0  1.3644
2 12 5.0  12.8900
2 13 3.0  8.0842
2 14 7.0  8.6805
2 15 2.0  9.8127
2 16 8.0  2.1225
2 17 7.0  11.6330
2 18 4.0  11.5584
2 19 9.0  10.5414
2 20 4.0  5.1321
2 21 5.0  9.1579
2 22 1.0  15.0675
2 23 7.0  9.2907
2 24 4.0  2.1208
2 25 10.0  9.5639
2 26 6.0  13.9482
2 27 8.0  12.7240
2 28 8.0  2.9530
2 29 0.0  7.9926
2 30 7.0  10.5984
3 1 172.5  8.0000
3 2 75.0  8.0000
3 3 0.0  0.0000
3 4 180.0  11.3137
3 5 1.0  3.8668
3 6 5.0  12.8712
3 7 8.0  2.6545
3 8 4.0  3.6301
3 9 0.0  6.5822
3 10 6.0  6.8255
3 11 4.0  8.2232
3 12 2.0  10.3341
3 13 2.0  3.3577
3 14 9.0  8.0592
3 15 6.0  5.9840
3 16 7.0  9.7583
3 17 9.0  15.2671
3 18 1.0  9.8629
3 19 3.0  3.5442
3 20 3.0  11.9238
3 21 8.0  9.2708
3 22 8.0  11.3061
3 23 8.0  12.6585
3 24 9.0  9.0254
3 25 4.0  2.9846
3 26 0.0  9.1297
3 27 8.0  10.7694
3 28 8.0  7.4780
3 29 8.0  1.4567
3 30 4.0  10.3230
4 1 135.0  8.0000
4 2 97.5  8.0000
4 3 157.5  11.3137
4 4 0.0  0.0000
4 5 4.0  9.8180
4 6 2.0  3.8662
4 7 9.0  10.4846
4 8 7.0  13.9563
4 9 10.0  5.1658
4 10 2.0  9.8401
4 11 6.0  9.3606
4 12 3.0  8.0544
4 13 4.0  13.4965
4 14 8.0  4.6980
4 15 6.0  8.0380
4 16 1.0  6.8953
4 17 1.0  4.0356
4 18 0.0  6.4990
4 19 10.0  11.4088
4 20 0.0  12.4104
4 21 4.0  3.8816
4 22 0.0  10.6578
4 23 8.0  1.4133
4 24 10.0  9.9929
4 25 7.0  10.5578
4 26 7.0  10.9687
4 27 1.0  7.3852
4 28 7.0  5.3442
4 29 2.0  12.2915
4 30 9.0  4.6653
5 1 2.0  9.6287
5 2 6.0  4.3165
5 3 2.0  3.8668
5 4 4.0  9.8180
5 5 0.0  0.0000
5 6 1.0  10.2704
5 7 5.0  1.2814
5 8 7.0  4.4573
5 9 8.0  4.6575
5 10 10.0  9.2742
5 11 4.0  4.3687
5 12 8.0  11.7186
5 13 3.0  3.9845
5 14 6.0  8.2008
5 15 2.0  7.7064
5 16 1.0  6.2864
5 17 10.0  13.8378
5 18 3.0  10.7651
5 19 0.0  6.9738
5 20 10.0  8.0954
5 21 0.0  9.1671
5 22 1.0  13.3583
5 23 1.0  11.2312
5 24 1.0  5.1586
5 25 7.0  6.1104
5 26 0.0  11.6365
5 27 8.0  11.8674
5 28 3.0  4.8184
5 29 1.0  3.6776
5 30 2.0  10.5208
6 1 4.0  11.5129
6 2 8.0  6.9331
6 3 4.0  12.8712
6 4 10.0  3.8662
6 5 9.0  10.2704
6 6 0.0  0.0000
6 7 8.0  11.2854
6 8 9.0  14.7195
6 9 3.0  6.3082
6 10 2.0  13.1007
6 11 6.0  8.1057
6 12 0.0  11.8521
6 13 5.0  14.2453
6 14 2.0  8.0986
6 15 4.0  11.1304
6 16 0.0  5.0478
6 17 4.0  5.5113
6 18 3.0  10.2856
6 19 8.0  13.8978
6 20 5.0  10.0506
6 21 3.0  7.5565
6 22 7.0  14.4500
6 23 5.0  4.2063
6 24 2.0  8.4221
6 25 9.0  12.9430
6 26 4.0  14.5291
6 27 10.0  11.2240
6 28 7.0  5.5060
6 29 1.0  13.4987
6 30 0.0  8.5048
7 1 9.0  9.2610
7 2 1.0  5.5863
7 3 4.0  2.6545
7 4 4.0  10.4846
7 5 5.0  1.2814
7 6 4.0  11.2854
7 7 0.0  0.0000
7 8 2.0  3.4955
7 9 1.0  5.3487
7 10 0.0  8.6281
7 11 3.0  5.6372
7 12 1.0  11.4631
7 13 7.0  3.0268
7 14 4.0  8.2947
7 15 6.0  7.2638
7 16 9.0  7.5183
7 17 6.0  14.5201
7 18 4.0  10.6571
7 19 0.0  5.9612
7 20 9.0  9.2696
7 21 1.0  9.3647
7 22 5.0  12.8933
7 23 1.0  11.8917
7 24 7.0  6.4050
7 25 8.0  5.1760
7 26 2.0  10.9994
7 27 3.0  11.7092
7 28 2.0  5.7822
7 29 1.0  2.4090
7 30 10.0  10.6423
8 1 1.0  11.6231
8 2 1.0  8.5356
8 3 6.0  3.6301
8 4 1.0  13.9563
8 5 6.0  4.4573
8 6 0.0  14.7195
8 7 4.0  3.4955
8 8 0.0  0.0000
8 9 8.0  8.8403
8 10 0.0  10.4158
8 11 5.0  8.1592
8 12 8.0  13.9500
8 13 2.0  0.4742
8 14 5.0  11.3749
8 15 2.0  9.6001
8 16 4.0  10.6144
8 17 9.0  17.9897
8 18 9.0  13.4097
8 19 10.0  6.8738
8 20 3.0  10.9759
8 21 9.0  12.5294
8 22 8.0  14.9159
8 23 2.0  15.3582
8 24 1.0  8.6998
8 25 7.0  6.5285
8 26 7.0  12.6758
8 27 8.0  14.3558
8 28 9.0  9.2373
8 29 10.0  2.1739
8 30 8.0  13.7009
9 1 8.0  7.2640
9 2 8.0  4.1527
9 3 7.0  6.5822
9 4 10.0  5.1658
9 5 3.0  4.6575
9 6 8.0  6.3082
9 7 3.0  5.3487
9 8 1.0  8.8403
9 9 0.0  0.0000
9 10 2.0  8.0308
9 11 0.0  5.3762
9 12 2.0  8.7408
9 13 5.0  8.3740
9 14 6.0  4.5348
9 15 4.0  5.9894
9 16 10.0  4.5532
9 17 7.0  9.1952
9 18 8.0  7.4095
9 19 9.0  7.8131
9 20 5.0  9.2782
9 21 5.0  5.1149
9 22 10.0  10.9677
9 23 2.0  6.5787
9 24 2.0  6.2409
9 25 10.0  6.8220
9 26 1.0  10.0483
9 27 7.0  8.5755
9 28 7.0  1.4714
9 29 9.0  7.3321
9 30 6.0  6.5592
10 1 4.0  2.2333
10 2 6.0  11.7655
10 3 1.0  6.8255
10 4 1.0  9.8401
10 5 1.0  9.2742
10 6 0.0  13.1007
10 7 5.0  8.6281
10 8 9.0  10.4158
10 9 1.0  8.0308
10 10 0.0  0.0000
10 11 6.0  12.6643
10 12 0.0  4.2466
10 13 10.0  10.1774
10 14 6.0  5.1421
10 15 6.0  2.0557
10 16 6.0  12.5767
10 17 8.0  12.8003
10 18 3.0  4.6597
10 19 2.0  3.8132
10 20 3.0  16.7457
10 21 10.0  6.1112
10 22 5.0  4.5135
10 23 8.0  10.6985
10 24 9.0  13.5859
10 25 7.0  3.8934
10 26 8.0  2.3719
10 27 7.0  5.0129
10 28 7.0  9.5006
10 29 5.0  8.2666
10 30 3.0  6.1893
11 1 5.0  12.3847
11 2 9.0  1.3644
11 3 5.0  8.2232
11 4 10.0  9.3606
11 5 10.0  4.3687
11 6 7.0  8.1057
11 7 0.0  5.6372
11 8 9.0  8.1592
11 9 10.0  5.3762
11 10 9.0  12.6643
11 11 0.0  0.0000
11 12 10.0  14.0644
11 13 3.0  7.7372
11 14 8.0  9.9083
11 15 10.0  10.7763
11 16 10.0  3.0923
11 17 1.0  12.9553
11 18 3.0  12.7769
11 19 7.0  11.0843
11 20 2.0  4.0818
11 21 3.0  10.4478
11 22 0.0  16.1647
11 23 2.0  10.6422
11 24 8.0  0.9220
11 25 6.0  10.1403
11 26 0.0  14.9105
11 27 3.0  13.9429
11 28 4.0  4.2802
11 29 7.0  7.9705
11 30 10.0  11.8921
12 1 9.0  2.3480
12 2 8.0  12.8900
12 3 2.0  10.3341
12 4 5.0  8.0544
12 5 3.0  11.7186
12 6 1.0  11.8521
12 7 4.0  11.4631
12 8 8.0  13.9500
12 9 10.0  8.7408
12 10 0.0  4.2466
12 11 7.0  14.0644
12 12 0.0  0.0000
12 13 7.0  13.6340
12 14 0.0  4.2853
12 15 10.0  4.3506
12 16 4.0  13.0133
12 17 8.0  9.8825
12 18 7.0  1.5678
12 19 3.0  7.9090
12 20 0.0  18.0188
12 21 2.0  4.3436
12 22 5.0  2.6034
12 23 3.0  8.3972
12 24 0.0  14.9544
12 25 7.0  7.7174
12 26 9.0  3.6543
12 27 6.0  0.9220
12 28 6.0  10.0827
12 29 1.0  11.7810
12 30 10.0  3.4163
13 1 0.0  11.3170
13 2 0.0  8.0842
13 3 6.0  3.3577
13 4 9.0  13.4965
13 5 3.0  3.9845
13 6 0.0  14.2453
13 7 10.0  3.0268
13 8 2.0  0.4742
13 9 3.0  8.3740
13 10 5.0  10.1774
13 11 2.0  7.7372
13 12 3.0  13.6340
13 13 0.0  0.0000
13 14 1.0  10.9750
13 15 9.0  9.2886
13 16 1.0  10.1565
13 17 9.0  17.5308
13 18 0.0  13.0573
13 19 9.0  6.7127
13 20 6.0  10.6417
13 21 3.0  12.1194
13 22 7.0  14.6637
13 23 6.0  14.8998
13 24 6.0  8.2989
13 25 10.0  6.3064
13 26 6.0  12.4623
13 27 3.0  14.0193
13 28 9.0  8.7631
13 29 1.0  1.9113
13 30 7.0  13.3072
14 1 8.0  3.4163
14 2 10.0  8.6805
14 3 7.0  8.0592
14 4 9.0  4.6980
14 5 5.0  8.2008
14 6 3.0  8.0986
14 7 10.0  8.2947
14 8 4.0  11.3749
14 9 2.0  4.5348
14 10 1.0  5.1421
14 11 5.0  9.9083
14 12 7.0  4.2853
14 13 1.0  10.9750
14 14 0.0  0.0000
14 15 6.0  3.4087
14 16 6.0  8.7283
14 17 10.0  7.9114
14 18 8.0  2.8790
14 19 5.0  7.1267
14 20 8.0  13.7901
14 21 4.0  1.2447
14 22 9.0  6.7037
14 23 0.0  5.6157
14 24 1.0  10.7757
14 25 4.0  6.4278
14 26 7.0  6.4348
14 27 9.0  4.0439
14 28 10.0  5.8176
14 29 8.0  9.3484
14 30 7.0  2.3480
15 1 9.0  2.0319
15 2 4.0  9.8127
15 3 5.0  5.9840
15 4 8.0  8.0380
15 5 0.0  7.7064
15 6 1.0  11.1304
15 7 1.0  7.2638
15 8 4.0  9.6001
15 9 0.0  5.9894
15 10 3.0  2.0557
15 11 4.0  10.7763
15 12 10.0  4.3506
15 13 8.0  9.2886
15 14 10.0  3.4087
15 15 0.0  0.0000
15 16 1.0  10.5409
15 17 3.0  11.2971
15 18 3.0  4.0241
15 19 9.0  3.9640
15 20 9.0  14.8540
15 21 6.0  4.5465
15 22 7.0  5.6541
15 23 3.0  9.0213
15 24 4.0  11.6975
15 25 5.0  3.5124
15 26 2.0  4.1382
15 27 6.0  4.8167
15 28 10.0  7.4607
15 29 0.0  7.4304
15 30 3.0  5.0238
16 1 5.0  11.7586
16 2 6.0  2.1225
16 3 0.0  9.7583
16 4 9.0  6.8953
16 5 9.0  6.2864
16 6 8.0  5.0478
16 7 8.0  7.5183
16 8 8.0  10.6144
16 9 7.0  4.5532
16 10 10.0  12.5767
16 11 6.0  3.0923
16 12 10.0  13.0133
16 13 1.0  10.1565
16 14 5.0  8.7283
16 15 5.0  10.5409
16 16 0.0  0.0000
16 17 9.0  10.1396
16 18 4.0  11.5587
16 19 7.0  11.9247
16 20 2.0  5.5181
16 21 1.0  8.9192
16 22 5.0  15.3800
16 23 8.0  8.0290
16 24 8.0  3.3812
16 25 6.0  10.9253
16 26 0.0  14.5943
16 27 0.0  12.7001
16 28 8.0  3.0824
16 29 4.0  9.9216
16 30 9.0  10.2997
17 1 7.0  10.6792
17 2 8.0  11.6330
17 3 3.0  15.2671
17 4 0.0  4.0356
17 5 8.0  13.8378
17 6 2.0  5.5113
17 7 9.0  14.5201
17 8 3.0  17.9897
17 9 8.0  9.1952
17 10 6.0  12.8003
17 11 0.0  12.9553
17 12 7.0  9.8825
17 13 1.0  17.5308
17 14 8.0  7.9114
17 15 6.0  11.2971
17 16 4.0  10.1396
17 17 0.0  0.0000
17 18 1.0  8.5567
17 19 5.0  15.0010
17 20 9.0  15.4613
17 21 8.0  6.7543
17 22 7.0  12.3150
17 23 10.0  2.6323
17 24 0.0  13.4629
17 25 2.0  14.2313
17 26 5.0  13.3568
17 27 7.0  9.0096
17 28 2.0  9.2373
17 29 3.0  16.2958
17 30 2.0  6.7104
18 1 7.0  2.4325
18 2 1.0  11.5584
18 3 7.0  9.8629
18 4 2.0  6.4990
18 5 5.0  10.7651
18 6 7.0  10.2856
18 7 8.0  10.6571
18 8 5.0  13.4097
18 9 3.0  7.4095
18 10 0.0  4.6597
18 11 2.0  12.7769
18 12 7.0  1.5678
18 13 9.0  13.0573
18 14 7.0  2.8790
18 15 6.0  4.0241
18 16 5.0  11.5587
18 17 0.0  8.5567
18 18 0.0  0.0000
18 19 0.0  7.9210
18 20 6.0  16.6690
18 21 5.0  2.7835
18 22 7.0  4.1652
18 23 1.0  6.9040
18 24 10.0  13.6497
18 25 4.0  7.5362
18 26 1.0  4.8008
18 27 0.0  1.1662
18 28 7.0  8.6920
18 29 6.0  11.2727
18 30 2.0  1.9107
19 1 10.0  5.6215
19 2 9.0  10.5414
19 3 7.0  3.5442
19 4 1.0  11.4088
19 5 3.0  6.9738
19 6 7.0  13.8978
19 7 4.0  5.9612
19 8 0.0  6.8738
19 9 4.0  7.8131
19 10 9.0  3.8132
19 11 1.0  11.0843
19 12 3.0  7.9090
19 13 9.0  6.7127
19 14 9.0  7.1267
19 15 1.0  3.9640
19 16 3.0  11.9247
19 17 4.0  15.0010
19 18 4.0  7.9210
19 19 0.0  0.0000
19 20 3.0  15.0221
19 21 2.0  8.3489
19 22 10.0  8.2801
19 23 7.0  12.5674
19 24 9.0  11.9622
19 25 0.0  1.0018
19 26 4.0  5.8833
19 27 0.0  8.5577
19 28 0.0  9.1101
19 29 4.0  4.8412
19 30 7.0  8.9757
20 1 6.0  16.4274
20 2 5.0  5.1321
20 3 5.0  11.9238
20 4 4.0  12.4104
20 5 10.0  8.0954
20 6 4.0  10.0506
20 7 6.0  9.2696
20 8 7.0  10.9759
20 9 8.0  9.2782
20 10 6.0  16.7457
20 11 9.0  4.0818
20 12 4.0  18.0188
20 13 5.0  10.6417
20 14 1.0  13.7901
20 15 0.0  14.8540
20 16 3.0  5.5181
20 17 1.0  15.4613
20 18 1.0  16.6690
20 19 8.0  15.0221
20 20 0.0  0.0000
20 21 5.0  14.1898
20 22 2.0  20.1925
20 23 8.0  13.5066
20 24 3.0  3.1600
20 25 9.0  14.1086
20 26 7.0  18.9900
20 27 1.0  17.8328
20 28 3.0  7.9895
20 29 5.0  11.3847
20 30 1.0  15.6144
21 1 5.0  4.1409
21 2 2.0  9.1579
21 3 8.0  9.2708
21 4 10.0  3.8816
21 5 7.0  9.1671
21 6 10.0  7.5565
21 7 10.0  9.3647
21 8 9.0  12.5294
21 9 5.0  5.1149
21 10 6.0  6.1112
21 11 6.0  10.4478
21 12 9.0  4.3436
21 13 4.0  12.1194
21 14 8.0  1.2447
21 15 4.0  4.5465
21 16 4.0  8.9192
21 17 8.0  6.7543
21 18 5.0  2.7835
21 19 5.0  8.3489
21 20 7.0  14.1898
21 21 0.0  0.0000
21 22 0.0  6.9176
21 23 8.0  4.5936
21 24 9.0  11.2770
21 25 9.0  7.6672
21 26 0.0  7.0882
21 27 6.0  3.8481
21 28 5.0  6.2164
21 29 2.0  10.5348
21 30 7.0  1.4456
22 1 10.0  3.7932
22 2 1.0  15.0675
22 3 1.0  11.3061
22 4 10.0  10.6578
22 5 7.0  13.3583
22 6 1.0  14.4500
22 7 4.0  12.8933
22 8 7.0  14.9159
22 9 0.0  10.9677
22 10 2.0  4.5135
22 11 10.0  16.1647
22 12 4.0  2.6034
22 13 6.0  14.6637
22 14 7.0  6.7037
22 15 6.0  5.6541
22 16 3.0  15.3800
22 17 9.0  12.3150
22 18 10.0  4.1652
22 19 9.0  8.2801
22 20 3.0  20.1925
22 21 2.0  6.9176
22 22 0.0  0.0000
22 23 5.0  10.9720
22 24 4.0  17.0740
22 25 0.0  8.4046
22 26 4.0  2.5622
22 27 2.0  3.3516
22 28 9.0  12.3738
22 29 10.0  12.7565
22 30 5.0  6.0125
23 1 9.0  8.7131
23 2 6.0  9.2907
23 3 2.0  12.6585
23 4 0.0  1.4133
23 5 5.0  11.2312
23 6 2.0  4.2063
23 7 7.0  11.8917
23 8 6.0  15.3582
23 9 4.0  6.5787
23 10 1.0  10.6985
23 11 4.0  10.6422
23 12 7.0  8.3972
23 13 10.0  14.8998
23 14 6.0  5.6157
23 15 0.0  9.0213
23 16 6.0  8.0290
23 17 2.0  2.6323
23 18 4.0  6.9040
23 19 4.0  12.5674
23 20 10.0  13.5066
23 21 2.0  4.5936
23 22 7.0  10.9720
23 23 0.0  0.0000
23 24 0.0  11.2316
23 25 6.0  11.7541
23 26 9.0  11.5871
23 27 9.0  7.6272
23 28 8.0  6.7208
23 29 0.0  13.6685
23 30 7.0  4.9952
24 1 7.0  13.2973
24 2 5.0  2.1208
24 3 6.0  9.0254
24 4 0.0  9.9929
24 5 6.0  5.1586
24 6 4.0  8.4221
24 7 5.0  6.4050
24 8 8.0  8.6998
24 9 9.0  6.2409
24 10 10.0  13.5859
24 11 10.0  0.9220
24 12 0.0  14.9544
24 13 3.0  8.2989
24 14 4.0  10.7757
24 15 10.0  11.6975
24 16 10.0  3.3812
24 17 5.0  13.4629
24 18 3.0  13.6497
24 19 10.0  11.9622
24 20 9.0  3.1600
24 21 5.0  11.2770
24 22 7.0  17.0740
24 23 9.0  11.2316
24 24 0.0  0.0000
24 25 1.0  11.0266
24 26 7.0  15.8322
24 27 2.0  14.8159
24 28 0.0  5.0733
24 29 5.0  8.6850
24 30 10.0  12.7182
25 1 9.0  5.3766
25 2 0.0  9.5639
25 3 6.0  2.9846
25 4 2.0  10.5578
25 5 6.0  6.1104
25 6 4.0  12.9430
25 7 8.0  5.1760
25 8 10.0  6.5285
25 9 10.0  6.8220
25 10 3.0  3.8934
25 11 8.0  10.1403
25 12 9.0  7.7174
25 13 2.0  6.3064
25 14 6.0  6.4278
25 15 10.0  3.5124
25 16 7.0  10.9253
25 17 3.0  14.2313
25 18 7.0  7.5362
25 19 1.0  1.0018
25 20 4.0  14.1086
25 21 4.0  7.6672
25 22 8.0  8.4046
25 23 9.0  11.7541
25 24 1.0  11.0266
25 25 0.0  0.0000
25 26 4.0  6.1560
25 27 0.0  8.2829
25 28 6.0  8.1100
25 29 7.0  4.3966
25 30 9.0  8.4136
26 1 10.0  3.0186
26 2 6.0  13.9482
26 3 7.0  9.1297
26 4 10.0  10.9687
26 5 0.0  11.6365
26 6 7.0  14.5291
26 7 3.0  10.9994
26 8 4.0  12.6758
26 9 4.0  10.0483
26 10 0.0  2.3719
26 11 1.0  14.9105
26 12 7.0  3.6543
26 13 6.0  12.4623
26 14 8.0  6.4348
26 15 10.0  4.1382
26 16 0.0  14.5943
26 17 8.0  13.3568
26 18 4.0  4.8008
26 19 3.0  5.8833
26 20 4.0  18.9900
26 21 5.0  7.0882
26 22 8.0  2.5622
26 23 9.0  11.5871
26 24 0.0  15.8322
26 25 4.0  6.1560
26 26 0.0  0.0000
26 27 8.0  4.5751
26 28 4.0  11.5145
26 29 4.0  10.5525
26 30 1.0  6.6685
27 1 0.0  2.9362
27 2 0.0  12.7240
27 3 0.0  10.7694
27 4 7.0  7.3852
27 5 6.0  11.8674
27 6 8.0  11.2240
27 7 7.0  11.7092
27 8 2.0  14.3558
27 9 0.0  8.5755
27 10 9.0  5.0129
27 11 7.0  13.9429
27 12 9.0  0.9220
27 13 0.0  14.0193
27 14 1.0  4.0439
27 15 5.0  4.8167
27 16 8.0  12.7001
27 17 0.0  9.0096
27 18 5.0  1.1662
27 19 5.0  8.5577
27 20 4.0  17.8328
27 21 6.0  3.8481
27 22 8.0  3.3516
27 23 7.0  7.6272
27 24 1.0  14.8159
27 25 4.0  8.2829
27 26 7.0  4.5751
27 27 0.0  0.0000
27 28 6.0  9.8527
27 29 10.0  12.2002
27 30 1.0  2.7208
28 1 8.0  8.7040
28 2 0.0  2.9530
28 3 10.0  7.4780
28 4 7.0  5.3442
28 5 1.0  4.8184
28 6 6.0  5.5060
28 7 2.0  5.7822
28 8 7.0  9.2373
28 9 0.0  1.4714
28 10 2.0  9.5006
28 11 6.0  4.2802
28 12 10.0  10.0827
28 13 7.0  8.7631
28 14 4.0  5.8176
28 15 8.0  7.4607
28 16 9.0  3.0824
28 17 7.0  9.2373
28 18 5.0  8.6920
28 19 9.0  9.1101
28 20 10.0  7.9895
28 21 9.0  6.2164
28 22 1.0  12.3738
28 23 6.0  6.7208
28 24 4.0  5.0733
28 25 6.0  8.1100
28 26 5.0  11.5145
28 27 8.0  9.8527
28 28 0.0  0.0000
28 29 3.0  8.0063
28 30 9.0  7.6528
29 1 7.0  9.4510
29 2 2.0  7.9926
29 3 7.0  1.4567
29 4 7.0  12.2915
29 5 1.0  3.6776
29 6 1.0  13.4987
29 7 6.0  2.4090
29 8 6.0  2.1739
29 9 3.0  7.3321
29 10 3.0  8.2666
29 11 4.0  7.9705
29 12 3.0  11.7810
29 13 9.0  1.9113
29 14 1.0  9.3484
29 15 0.0  7.4304
29 16 0.0  9.9216
29 17 9.0  16.2958
29 18 9.0  11.2727
29 19 8.0  4.8412
29 20 2.0  11.3847
29 21 5.0  10.5348
29 22 7.0  12.7565
29 23 0.0  13.6685
29 24 4.0  8.6850
29 25 0.0  4.3966
29 26 4.0  10.5525
29 27 0.0  12.2002
29 28 4.0  8.0063
29 29 0.0  0.0000
29 30 10.0  11.6483
30 1 1.0  4.0006
30 2 2.0  10.5984
30 3 4.0  10.3230
30 4 3.0  4.6653
30 5 7.0  10.5208
30 6 0.0  8.5048
30 7 2.0  10.6423
30 8 8.0  13.7009
30 9 5.0  6.5592
30 10 6.0  6.1893
30 11 9.0  11.8921
30 12 6.0  3.4163
30 13 0.0  13.3072
30 14 2.0  2.3480
30 15 2.0  5.0238
30 16 1.0  10.2997
30 17 2.0  6.7104
30 18 2.0  1.9107
30 19 9.0  8.9757
30 20 0.0  15.6144
30 21 8.0  1.4456
30 22 0.0  6.0125
30 23 3.0  4.9952
30 24 3.0  12.7182
30 25 0.0  8.4136
30 26 8.0  6.6685
30 27 3.0  2.7208
30 28 2.0  7.6528
30 29 8.0  11.6483
30 30 0.0  0.0000
