2
830     1   300.0   20000 5 
4160     1   450.0   35000 5
50
26219
28624
21528
22871
25732
28829
29503
20019
28270
23368
29708
26715
26340
28149
27796
20723
22618
22245
22846
23451
22921
23555
22379
27488
27764
28228
29841
22350
25193
21500
27034
27764
20124
24914
26987
25856
23743
26491
22227
28365
29859
21936
21432
22551
26437
29228
23275
25407
21474
26121
4.00000   4.00000
12.00000   12.00000
12.00000   4.00000
4.00000   12.00000
12.86000   7.77000
5.93000   15.35000
12.92000   6.49000
15.62000   4.27000
8.59000   9.63000
5.40000   2.26000
13.36000   12.11000
1.67000   4.29000
15.30000   4.62000
4.67000   7.35000
6.02000   4.22000
10.69000   13.67000
0.56000   14.11000
2.29000   5.73000
9.19000   1.84000
15.98000   15.24000
3.70000   8.13000
0.91000   1.80000
2.73000   12.62000
13.96000   12.81000
9.25000   2.84000
3.36000   1.05000
1.29000   5.13000
9.24000   10.95000
13.45000   4.14000
2.34000   7.64000
1.50000   6.87000
4.76000   7.78000
15.84000   6.03000
15.54000   11.99000
14.60000   8.76000
5.39000   4.12000
9.86000   0.94000
7.95000   13.70000
3.78000   14.67000
4.97000   1.02000
0.92000   10.52000
5.01000   10.80000
6.41000   2.65000
4.44000   2.19000
7.29000   4.31000
4.97000   9.71000
2.75000   7.09000
5.67000   2.56000
11.53000   9.86000
1.06000   6.83000
1 1 0.0  0.0000
1 2 210.0  11.3137
1 3 187.5  8.0000
1 4 142.5  8.0000
1 5 8.0  9.6287
1 6 8.0  11.5129
1 7 8.0  9.2610
1 8 4.0  11.6231
1 9 6.0  7.2640
1 10 4.0  2.2333
1 11 7.0  12.3847
1 12 4.0  2.3480
1 13 2.0  11.3170
1 14 9.0  3.4163
1 15 7.0  2.0319
1 16 10.0  11.7586
1 17 2.0  10.6792
1 18 6.0  2.4325
1 19 3.0  5.6215
1 20 4.0  16.4274
1 21 8.0  4.1409
1 22 6.0  3.7932
1 23 1.0  8.7131
1 24 1.0  13.2973
1 25 0.0  5.3766
1 26 10.0  3.0186
1 27 0.0  2.9362
1 28 4.0  8.7040
1 29 0.0  9.4510
1 30 8.0  4.0006
1 31 10.0  3.8062
1 32 7.0  3.8556
1 33 7.0  12.0128
1 34 1.0  14.0361
1 35 7.0  11.6197
1 36 2.0  1.3952
1 37 9.0  6.6108
1 38 2.0  10.4734
1 39 6.0  10.6723
1 40 2.0  3.1339
1 41 4.0  7.2109
1 42 1.0  6.8746
1 43 5.0  2.7624
1 44 7.0  1.8627
1 45 8.0  3.3046
1 46 10.0  5.7918
1 47 4.0  3.3333
1 48 8.0  2.2051
1 49 3.0  9.5415
1 50 6.0  4.0807
2 1 105.0  11.3137
2 2 0.0  0.0000
2 3 135.0  8.0000
2 4 157.5  8.0000
2 5 3.0  4.3165
2 6 0.0  6.9331
2 7 10.0  5.5863
2 8 0.0  8.5356
2 9 1.0  4.1527
2 10 1.0  11.7655
2 11 1.0  1.3644
2 12 7.0  12.8900
2 13 0.0  8.0842
2 14 8.0  8.6805
2 15 3.0  9.8127
2 16 1.0  2.1225
2 17 2.0  11.6330
2 18 4.0  11.5584
2 19 8.0  10.5414
2 20 4.0  5.1321
2 21 10.0  9.1579
2 22 9.0  15.0675
2 23 8.0  9.2907
2 24 9.0  2.1208
2 25 3.0  9.5639
2 26 2.0  13.9482
2 27 6.0  12.7240
2 28 0.0  2.9530
2 29 5.0  7.9926
2 30 2.0  10.5984
2 31 4.0  11.6862
2 32 0.0  8.3801
2 33 4.0  7.0983
2 34 3.0  3.5400
2 35 8.0  4.1542
2 36 5.0  10.2853
2 37 3.0  11.2651
2 38 7.0  4.3923
2 39 5.0  8.6428
2 40 2.0  13.0377
2 41 9.0  11.1784
2 42 4.0  7.0923
2 43 10.0  10.8936
2 44 7.0  12.3851
2 45 1.0  9.0178
2 46 0.0  7.3936
2 47 9.0  10.4724
2 48 1.0  11.3658
2 49 4.0  2.1910
2 50 4.0  12.1001
3 1 217.5  8.0000
3 2 82.5  8.0000
3 3 0.0  0.0000
3 4 217.5  11.3137
3 5 1.0  3.8668
3 6 0.0  12.8712
3 7 3.0  2.6545
3 8 1.0  3.6301
3 9 7.0  6.5822
3 10 4.0  6.8255
3 11 6.0  8.2232
3 12 9.0  10.3341
3 13 6.0  3.3577
3 14 4.0  8.0592
3 15 0.0  5.9840
3 16 9.0  9.7583
3 17 1.0  15.2671
3 18 5.0  9.8629
3 19 1.0  3.5442
3 20 7.0  11.9238
3 21 8.0  9.2708
3 22 2.0  11.3061
3 23 3.0  12.6585
3 24 2.0  9.0254
3 25 1.0  2.9846
3 26 10.0  9.1297
3 27 1.0  10.7694
3 28 1.0  7.4780
3 29 6.0  1.4567
3 30 1.0  10.3230
3 31 6.0  10.8852
3 32 0.0  8.1674
3 33 4.0  4.3436
3 34 8.0  8.7391
3 35 0.0  5.4238
3 36 5.0  6.6111
3 37 8.0  3.7341
3 38 2.0  10.5115
3 39 5.0  13.4691
3 40 2.0  7.6355
3 41 4.0  12.8560
3 42 9.0  9.7519
3 43 9.0  5.7507
3 44 10.0  7.7737
3 45 3.0  4.7202
3 46 9.0  9.0568
3 47 8.0  9.7525
3 48 2.0  6.4917
3 49 1.0  5.8788
3 50 7.0  11.3001
4 1 135.0  8.0000
4 2 127.5  8.0000
4 3 150.0  11.3137
4 4 0.0  0.0000
4 5 10.0  9.8180
4 6 8.0  3.8662
4 7 8.0  10.4846
4 8 8.0  13.9563
4 9 7.0  5.1658
4 10 10.0  9.8401
4 11 3.0  9.3606
4 12 8.0  8.0544
4 13 3.0  13.4965
4 14 1.0  4.6980
4 15 2.0  8.0380
4 16 0.0  6.8953
4 17 2.0  4.0356
4 18 5.0  6.4990
4 19 6.0  11.4088
4 20 4.0  12.4104
4 21 10.0  3.8816
4 22 7.0  10.6578
4 23 8.0  1.4133
4 24 9.0  9.9929
4 25 5.0  10.5578
4 26 5.0  10.9687
4 27 10.0  7.3852
4 28 2.0  5.3442
4 29 2.0  12.2915
4 30 10.0  4.6653
4 31 1.0  5.7067
4 32 7.0  4.2879
4 33 7.0  13.2600
4 34 9.0  11.5400
4 35 6.0  11.0841
4 36 4.0  8.0017
4 37 6.0  12.5165
4 38 1.0  4.3003
4 39 1.0  2.6790
4 40 1.0  11.0228
4 41 0.0  3.4171
4 42 5.0  1.5685
4 43 9.0  9.6556
4 44 1.0  9.8199
4 45 6.0  8.3642
4 46 0.0  2.4870
4 47 10.0  5.0666
4 48 6.0  9.5866
4 49 6.0  7.8282
4 50 6.0  5.9475
5 1 8.0  9.6287
5 2 3.0  4.3165
5 3 2.0  3.8668
5 4 3.0  9.8180
5 5 0.0  0.0000
5 6 10.0  10.2704
5 7 5.0  1.2814
5 8 8.0  4.4573
5 9 9.0  4.6575
5 10 7.0  9.2742
5 11 8.0  4.3687
5 12 7.0  11.7186
5 13 7.0  3.9845
5 14 5.0  8.2008
5 15 3.0  7.7064
5 16 5.0  6.2864
5 17 9.0  13.8378
5 18 5.0  10.7651
5 19 10.0  6.9738
5 20 10.0  8.0954
5 21 7.0  9.1671
5 22 0.0  13.3583
5 23 9.0  11.2312
5 24 10.0  5.1586
5 25 9.0  6.1104
5 26 10.0  11.6365
5 27 3.0  11.8674
5 28 8.0  4.8184
5 29 10.0  3.6776
5 30 10.0  10.5208
5 31 1.0  11.3956
5 32 3.0  8.1000
5 33 7.0  3.4508
5 34 2.0  4.9991
5 35 3.0  2.0019
5 36 0.0  8.3140
5 37 2.0  7.4598
5 38 8.0  7.6989
5 39 6.0  11.4042
5 40 0.0  10.3834
5 41 3.0  12.2526
5 42 4.0  8.4145
5 43 7.0  8.2351
5 44 10.0  10.1011
5 45 9.0  6.5572
5 46 8.0  8.1250
5 47 2.0  10.1328
5 48 5.0  8.8792
5 49 3.0  2.4773
5 50 1.0  11.8374
6 1 4.0  11.5129
6 2 8.0  6.9331
6 3 10.0  12.8712
6 4 0.0  3.8662
6 5 7.0  10.2704
6 6 0.0  0.0000
6 7 7.0  11.2854
6 8 0.0  14.7195
6 9 10.0  6.3082
6 10 4.0  13.1007
6 11 8.0  8.1057
6 12 7.0  11.8521
6 13 3.0  14.2453
6 14 0.0  8.0986
6 15 2.0  11.1304
6 16 5.0  5.0478
6 17 3.0  5.5113
6 18 0.0  10.2856
6 19 7.0  13.8978
6 20 9.0  10.0506
6 21 6.0  7.5565
6 22 6.0  14.4500
6 23 1.0  4.2063
6 24 10.0  8.4221
6 25 0.0  12.9430
6 26 0.0  14.5291
6 27 6.0  11.2240
6 28 9.0  5.5060
6 29 3.0  13.4987
6 30 0.0  8.5048
6 31 10.0  9.5674
6 32 2.0  7.6599
6 33 3.0  13.6041
6 34 5.0  10.1805
6 35 2.0  10.8902
6 36 3.0  11.2430
6 37 1.0  14.9363
6 38 9.0  2.6082
6 39 1.0  2.2550
6 40 9.0  14.3621
6 41 0.0  6.9591
6 42 9.0  4.6421
6 43 6.0  12.7091
6 44 3.0  13.2441
6 45 7.0  11.1235
6 46 6.0  5.7211
6 47 6.0  8.8510
6 48 10.0  12.7926
6 49 6.0  7.8422
6 50 3.0  9.8136
7 1 9.0  9.2610
7 2 1.0  5.5863
7 3 7.0  2.6545
7 4 8.0  10.4846
7 5 10.0  1.2814
7 6 7.0  11.2854
7 7 0.0  0.0000
7 8 9.0  3.4955
7 9 5.0  5.3487
7 10 3.0  8.6281
7 11 10.0  5.6372
7 12 4.0  11.4631
7 13 2.0  3.0268
7 14 1.0  8.2947
7 15 5.0  7.2638
7 16 7.0  7.5183
7 17 1.0  14.5201
7 18 6.0  10.6571
7 19 6.0  5.9612
7 20 10.0  9.2696
7 21 8.0  9.3647
7 22 5.0  12.8933
7 23 8.0  11.8917
7 24 4.0  6.4050
7 25 9.0  5.1760
7 26 0.0  10.9994
7 27 1.0  11.7092
7 28 4.0  5.7822
7 29 7.0  2.4090
7 30 9.0  10.6423
7 31 10.0  11.4263
7 32 8.0  8.2613
7 33 7.0  2.9560
7 34 9.0  6.0922
7 35 4.0  2.8241
7 36 5.0  7.8942
7 37 8.0  6.3377
7 38 0.0  8.7570
7 39 1.0  12.2659
7 40 1.0  9.6500
7 41 4.0  12.6586
7 42 0.0  9.0080
7 43 3.0  7.5582
7 44 4.0  9.5079
7 45 10.0  6.0373
7 46 8.0  8.5773
7 47 10.0  10.1877
7 48 1.0  8.2467
7 49 3.0  3.6454
7 50 3.0  11.8649
8 1 9.0  11.6231
8 2 9.0  8.5356
8 3 6.0  3.6301
8 4 7.0  13.9563
8 5 3.0  4.4573
8 6 4.0  14.7195
8 7 5.0  3.4955
8 8 0.0  0.0000
8 9 2.0  8.8403
8 10 6.0  10.4158
8 11 10.0  8.1592
8 12 0.0  13.9500
8 13 3.0  0.4742
8 14 5.0  11.3749
8 15 6.0  9.6001
8 16 0.0  10.6144
8 17 9.0  17.9897
8 18 9.0  13.4097
8 19 8.0  6.8738
8 20 8.0  10.9759
8 21 8.0  12.5294
8 22 7.0  14.9159
8 23 10.0  15.3582
8 24 6.0  8.6998
8 25 10.0  6.5285
8 26 1.0  12.6758
8 27 5.0  14.3558
8 28 5.0  9.2373
8 29 9.0  2.1739
8 30 4.0  13.7009
8 31 7.0  14.3574
8 32 2.0  11.4131
8 33 1.0  1.7737
8 34 5.0  7.7204
8 35 8.0  4.6044
8 36 8.0  10.2311
8 37 6.0  6.6533
8 38 0.0  12.1554
8 39 0.0  15.7590
8 40 8.0  11.1349
8 41 4.0  15.9735
8 42 9.0  12.4585
8 43 7.0  9.3514
8 44 8.0  11.3718
8 45 3.0  8.3301
8 46 0.0  11.9589
8 47 8.0  13.1753
8 48 2.0  10.0959
8 49 9.0  6.9265
8 50 3.0  14.7833
9 1 8.0  7.2640
9 2 6.0  4.1527
9 3 0.0  6.5822
9 4 7.0  5.1658
9 5 1.0  4.6575
9 6 8.0  6.3082
9 7 6.0  5.3487
9 8 4.0  8.8403
9 9 0.0  0.0000
9 10 1.0  8.0308
9 11 5.0  5.3762
9 12 9.0  8.7408
9 13 8.0  8.3740
9 14 7.0  4.5348
9 15 10.0  5.9894
9 16 0.0  4.5532
9 17 2.0  9.1952
9 18 5.0  7.4095
9 19 7.0  7.8131
9 20 2.0  9.2782
9 21 3.0  5.1149
9 22 2.0  10.9677
9 23 7.0  6.5787
9 24 1.0  6.2409
9 25 7.0  6.8220
9 26 2.0  10.0483
9 27 5.0  8.5755
9 28 7.0  1.4714
9 29 8.0  7.3321
9 30 5.0  6.5592
9 31 3.0  7.6083
9 32 0.0  4.2534
9 33 2.0  8.0946
9 34 7.0  7.3398
9 35 9.0  6.0726
9 36 7.0  6.3718
9 37 6.0  8.7823
9 38 5.0  4.1200
9 39 0.0  6.9669
9 40 0.0  9.3400
9 41 6.0  7.7215
9 42 5.0  3.7663
9 43 7.0  7.3125
9 44 1.0  8.5192
9 45 10.0  5.4765
9 46 4.0  3.6209
9 47 1.0  6.3685
9 48 0.0  7.6493
9 49 7.0  2.9490
9 50 6.0  8.0337
10 1 2.0  2.2333
10 2 10.0  11.7655
10 3 9.0  6.8255
10 4 7.0  9.8401
10 5 1.0  9.2742
10 6 3.0  13.1007
10 7 7.0  8.6281
10 8 4.0  10.4158
10 9 0.0  8.0308
10 10 0.0  0.0000
10 11 4.0  12.6643
10 12 9.0  4.2466
10 13 1.0  10.1774
10 14 3.0  5.1421
10 15 9.0  2.0557
10 16 9.0  12.5767
10 17 1.0  12.8003
10 18 3.0  4.6597
10 19 4.0  3.8132
10 20 4.0  16.7457
10 21 3.0  6.1112
10 22 2.0  4.5135
10 23 10.0  10.6985
10 24 7.0  13.5859
10 25 9.0  3.8934
10 26 0.0  2.3719
10 27 4.0  5.0129
10 28 0.0  9.5006
10 29 0.0  8.2666
10 30 4.0  6.1893
10 31 7.0  6.0384
10 32 6.0  5.5570
10 33 5.0  11.0998
10 34 5.0  14.0532
10 35 4.0  11.2645
10 36 10.0  1.8600
10 37 4.0  4.6512
10 38 6.0  11.7208
10 39 7.0  12.5153
10 40 8.0  1.3124
10 41 6.0  9.3967
10 42 9.0  8.5489
10 43 4.0  1.0827
10 44 5.0  0.9625
10 45 1.0  2.7883
10 46 0.0  7.4624
10 47 3.0  5.5092
10 48 1.0  0.4036
10 49 1.0  9.7641
10 50 8.0  6.3024
11 1 5.0  12.3847
11 2 2.0  1.3644
11 3 8.0  8.2232
11 4 3.0  9.3606
11 5 9.0  4.3687
11 6 7.0  8.1057
11 7 1.0  5.6372
11 8 3.0  8.1592
11 9 5.0  5.3762
11 10 1.0  12.6643
11 11 0.0  0.0000
11 12 5.0  14.0644
11 13 2.0  7.7372
11 14 8.0  9.9083
11 15 10.0  10.7763
11 16 7.0  3.0923
11 17 10.0  12.9553
11 18 10.0  12.7769
11 19 9.0  11.0843
11 20 5.0  4.0818
11 21 6.0  10.4478
11 22 6.0  16.1647
11 23 9.0  10.6422
11 24 4.0  0.9220
11 25 8.0  10.1403
11 26 4.0  14.9105
11 27 4.0  13.9429
11 28 8.0  4.2802
11 29 5.0  7.9705
11 30 5.0  11.8921
11 31 7.0  12.9660
11 32 0.0  9.6285
11 33 8.0  6.5663
11 34 9.0  2.1833
11 35 9.0  3.5721
11 36 0.0  11.2854
11 37 6.0  11.7055
11 38 5.0  5.6388
11 39 2.0  9.9161
11 40 7.0  13.9061
11 41 10.0  12.5412
11 42 1.0  8.4521
11 43 1.0  11.7386
11 44 10.0  13.3406
11 45 7.0  9.8836
11 46 1.0  8.7265
11 47 4.0  11.7377
11 48 7.0  12.2613
11 49 0.0  2.9002
11 50 2.0  13.3854
12 1 10.0  2.3480
12 2 4.0  12.8900
12 3 6.0  10.3341
12 4 7.0  8.0544
12 5 6.0  11.7186
12 6 3.0  11.8521
12 7 9.0  11.4631
12 8 10.0  13.9500
12 9 9.0  8.7408
12 10 3.0  4.2466
12 11 2.0  14.0644
12 12 0.0  0.0000
12 13 5.0  13.6340
12 14 4.0  4.2853
12 15 0.0  4.3506
12 16 4.0  13.0133
12 17 2.0  9.8825
12 18 9.0  1.5678
12 19 10.0  7.9090
12 20 5.0  18.0188
12 21 9.0  4.3436
12 22 6.0  2.6034
12 23 2.0  8.3972
12 24 0.0  14.9544
12 25 5.0  7.7174
12 26 2.0  3.6543
12 27 7.0  0.9220
12 28 6.0  10.0827
12 29 4.0  11.7810
12 30 1.0  3.4163
12 31 4.0  2.5856
12 32 7.0  4.6614
12 33 10.0  14.2764
12 34 6.0  15.8640
12 35 0.0  13.6809
12 36 6.0  3.7239
12 37 2.0  8.8486
12 38 4.0  11.3131
12 39 4.0  10.5923
12 40 10.0  4.6457
12 41 2.0  6.2750
12 42 7.0  7.3168
12 43 0.0  5.0157
12 44 6.0  3.4760
12 45 9.0  5.6200
12 46 9.0  6.3456
12 47 8.0  3.0011
12 48 0.0  4.3581
12 49 7.0  11.3245
12 50 7.0  2.6122
13 1 5.0  11.3170
13 2 6.0  8.0842
13 3 0.0  3.3577
13 4 6.0  13.4965
13 5 4.0  3.9845
13 6 5.0  14.2453
13 7 8.0  3.0268
13 8 9.0  0.4742
13 9 10.0  8.3740
13 10 10.0  10.1774
13 11 0.0  7.7372
13 12 3.0  13.6340
13 13 0.0  0.0000
13 14 4.0  10.9750
13 15 10.0  9.2886
13 16 10.0  10.1565
13 17 5.0  17.5308
13 18 3.0  13.0573
13 19 10.0  6.7127
13 20 9.0  10.6417
13 21 5.0  12.1194
13 22 7.0  14.6637
13 23 9.0  14.8998
13 24 1.0  8.2989
13 25 7.0  6.3064
13 26 2.0  12.4623
13 27 0.0  14.0193
13 28 5.0  8.7631
13 29 10.0  1.9113
13 30 9.0  13.3072
13 31 0.0  13.9822
13 32 6.0  11.0035
13 33 2.0  1.5099
13 34 6.0  7.3739
13 35 4.0  4.1988
13 36 8.0  9.9226
13 37 10.0  6.5678
13 38 10.0  11.6820
13 39 3.0  15.2877
13 40 8.0  10.9393
13 41 9.0  15.5433
13 42 2.0  12.0032
13 43 6.0  9.1057
13 44 10.0  11.1285
13 45 7.0  8.0160
13 46 3.0  11.5159
13 47 7.0  12.7908
13 48 1.0  9.8479
13 49 4.0  6.4553
13 50 4.0  14.4105
14 1 8.0  3.4163
14 2 9.0  8.6805
14 3 1.0  8.0592
14 4 4.0  4.6980
14 5 0.0  8.2008
14 6 6.0  8.0986
14 7 7.0  8.2947
14 8 9.0  11.3749
14 9 10.0  4.5348
14 10 6.0  5.1421
14 11 7.0  9.9083
14 12 10.0  4.2853
14 13 0.0  10.9750
14 14 0.0  0.0000
14 15 7.0  3.4087
14 16 3.0  8.7283
14 17 4.0  7.9114
14 18 4.0  2.8790
14 19 0.0  7.1267
14 20 1.0  13.7901
14 21 7.0  1.2447
14 22 6.0  6.7037
14 23 8.0  5.6157
14 24 10.0  10.7757
14 25 0.0  6.4278
14 26 8.0  6.4348
14 27 4.0  4.0439
14 28 3.0  5.8176
14 29 4.0  9.3484
14 30 5.0  2.3480
14 31 8.0  3.2061
14 32 9.0  0.4393
14 33 0.0  11.2477
14 34 4.0  11.8189
14 35 8.0  10.0296
14 36 4.0  3.3093
14 37 4.0  8.2477
14 38 1.0  7.1471
14 39 0.0  7.3739
14 40 0.0  6.3371
14 41 0.0  4.9103
14 42 7.0  3.4667
14 43 6.0  5.0117
14 44 8.0  5.1651
14 45 7.0  4.0132
14 46 2.0  2.3790
14 47 0.0  1.9375
14 48 9.0  4.8933
14 49 7.0  7.3048
14 50 9.0  3.6473
15 1 0.0  2.0319
15 2 1.0  9.8127
15 3 5.0  5.9840
15 4 8.0  8.0380
15 5 0.0  7.7064
15 6 5.0  11.1304
15 7 5.0  7.2638
15 8 4.0  9.6001
15 9 6.0  5.9894
15 10 8.0  2.0557
15 11 7.0  10.7763
15 12 1.0  4.3506
15 13 4.0  9.2886
15 14 7.0  3.4087
15 15 0.0  0.0000
15 16 6.0  10.5409
15 17 10.0  11.2971
15 18 1.0  4.0241
15 19 8.0  3.9640
15 20 0.0  14.8540
15 21 10.0  4.5465
15 22 7.0  5.6541
15 23 1.0  9.0213
15 24 6.0  11.6975
15 25 2.0  3.5124
15 26 7.0  4.1382
15 27 0.0  4.8167
15 28 2.0  7.4607
15 29 6.0  7.4304
15 30 10.0  5.0238
15 31 7.0  5.2396
15 32 4.0  3.7764
15 33 8.0  9.9854
15 34 9.0  12.2883
15 35 7.0  9.7071
15 36 5.0  0.6379
15 37 9.0  5.0501
15 38 10.0  9.6745
15 39 9.0  10.6874
15 40 1.0  3.3679
15 41 6.0  8.1056
15 42 4.0  6.6571
15 43 6.0  1.6177
15 44 5.0  2.5724
15 45 8.0  1.2732
15 46 3.0  5.5895
15 47 9.0  4.3508
15 48 7.0  1.6965
15 49 2.0  7.8848
15 50 7.0  5.6048
16 1 7.0  11.7586
16 2 1.0  2.1225
16 3 1.0  9.7583
16 4 6.0  6.8953
16 5 6.0  6.2864
16 6 3.0  5.0478
16 7 3.0  7.5183
16 8 4.0  10.6144
16 9 3.0  4.5532
16 10 9.0  12.5767
16 11 1.0  3.0923
16 12 0.0  13.0133
16 13 0.0  10.1565
16 14 9.0  8.7283
16 15 9.0  10.5409
16 16 0.0  0.0000
16 17 8.0  10.1396
16 18 2.0  11.5587
16 19 5.0  11.9247
16 20 7.0  5.5181
16 21 0.0  8.9192
16 22 4.0  15.3800
16 23 0.0  8.0290
16 24 4.0  3.3812
16 25 0.0  10.9253
16 26 4.0  14.5943
16 27 10.0  12.7001
16 28 1.0  3.0824
16 29 2.0  9.9216
16 30 4.0  10.2997
16 31 3.0  11.4322
16 32 7.0  8.3581
16 33 0.0  9.2137
16 34 2.0  5.1327
16 35 8.0  6.2766
16 36 5.0  10.9221
16 37 6.0  12.7570
16 38 9.0  2.7402
16 39 6.0  6.9820
16 40 0.0  13.8831
16 41 2.0  10.2653
16 42 2.0  6.3639
16 43 1.0  11.8220
16 44 2.0  13.0711
16 45 2.0  9.9584
16 46 9.0  6.9570
16 47 0.0  10.3121
16 48 8.0  12.1915
16 49 0.0  3.9015
16 50 3.0  11.8120
17 1 3.0  10.6792
17 2 0.0  11.6330
17 3 8.0  15.2671
17 4 3.0  4.0356
17 5 2.0  13.8378
17 6 8.0  5.5113
17 7 5.0  14.5201
17 8 10.0  17.9897
17 9 9.0  9.1952
17 10 8.0  12.8003
17 11 3.0  12.9553
17 12 10.0  9.8825
17 13 2.0  17.5308
17 14 3.0  7.9114
17 15 10.0  11.2971
17 16 0.0  10.1396
17 17 0.0  0.0000
17 18 6.0  8.5567
17 19 6.0  15.0010
17 20 9.0  15.4613
17 21 1.0  6.7543
17 22 4.0  12.3150
17 23 9.0  2.6323
17 24 3.0  13.4629
17 25 3.0  14.2313
17 26 0.0  13.3568
17 27 4.0  9.0096
17 28 1.0  9.2373
17 29 9.0  16.2958
17 30 1.0  6.7104
17 31 1.0  7.3008
17 32 2.0  7.5966
17 33 4.0  17.2848
17 34 10.0  15.1293
17 35 8.0  15.0248
17 36 6.0  11.0964
17 37 10.0  16.1226
17 38 5.0  7.4014
17 39 0.0  3.2683
17 40 9.0  13.8129
17 41 1.0  3.6080
17 42 6.0  5.5460
17 43 1.0  12.8668
17 44 9.0  12.5356
17 45 9.0  11.8884
17 46 3.0  6.2296
17 47 6.0  7.3537
17 48 7.0  12.6299
17 49 9.0  11.7645
17 50 1.0  7.2972
18 1 5.0  2.4325
18 2 9.0  11.5584
18 3 3.0  9.8629
18 4 2.0  6.4990
18 5 10.0  10.7651
18 6 7.0  10.2856
18 7 2.0  10.6571
18 8 3.0  13.4097
18 9 8.0  7.4095
18 10 10.0  4.6597
18 11 3.0  12.7769
18 12 8.0  1.5678
18 13 10.0  13.0573
18 14 7.0  2.8790
18 15 7.0  4.0241
18 16 7.0  11.5587
18 17 2.0  8.5567
18 18 0.0  0.0000
18 19 5.0  7.9210
18 20 1.0  16.6690
18 21 1.0  2.7835
18 22 3.0  4.1652
18 23 0.0  6.9040
18 24 7.0  13.6497
18 25 5.0  7.5362
18 26 9.0  4.8008
18 27 5.0  1.1662
18 28 6.0  8.6920
18 29 2.0  11.2727
18 30 10.0  1.9107
18 31 4.0  1.3870
18 32 4.0  3.2099
18 33 3.0  13.5533
18 34 0.0  14.6544
18 35 5.0  12.6774
18 36 5.0  3.4932
18 37 0.0  8.9582
18 38 1.0  9.7753
18 39 5.0  9.0633
18 40 1.0  5.4191
18 41 8.0  4.9821
18 42 4.0  5.7535
18 43 4.0  5.1440
18 44 5.0  4.1418
18 45 3.0  5.1977
18 46 10.0  4.7982
18 47 10.0  1.4357
18 48 10.0  4.6339
18 49 10.0  10.1210
18 50 4.0  1.6501
19 1 9.0  5.6215
19 2 0.0  10.5414
19 3 6.0  3.5442
19 4 9.0  11.4088
19 5 8.0  6.9738
19 6 9.0  13.8978
19 7 5.0  5.9612
19 8 0.0  6.8738
19 9 4.0  7.8131
19 10 8.0  3.8132
19 11 0.0  11.0843
19 12 6.0  7.9090
19 13 10.0  6.7127
19 14 3.0  7.1267
19 15 7.0  3.9640
19 16 2.0  11.9247
19 17 6.0  15.0010
19 18 5.0  7.9210
19 19 0.0  0.0000
19 20 4.0  15.0221
19 21 0.0  8.3489
19 22 6.0  8.2801
19 23 10.0  12.5674
19 24 5.0  11.9622
19 25 9.0  1.0018
19 26 4.0  5.8833
19 27 6.0  8.5577
19 28 8.0  9.1101
19 29 1.0  4.8412
19 30 6.0  8.9757
19 31 7.0  9.1890
19 32 4.0  7.4100
19 33 2.0  7.8599
19 34 6.0  11.9727
19 35 10.0  8.7838
19 36 10.0  4.4315
19 37 3.0  1.1220
19 38 6.0  11.9246
19 39 2.0  13.9240
19 40 1.0  4.2989
19 41 10.0  11.9890
19 42 8.0  9.8871
19 43 10.0  2.8956
19 44 5.0  4.7629
19 45 5.0  3.1162
19 46 0.0  8.9300
19 47 1.0  8.3088
19 48 8.0  3.5929
19 49 6.0  8.3544
19 50 4.0  9.5392
20 1 1.0  16.4274
20 2 5.0  5.1321
20 3 0.0  11.9238
20 4 0.0  12.4104
20 5 10.0  8.0954
20 6 7.0  10.0506
20 7 2.0  9.2696
20 8 3.0  10.9759
20 9 4.0  9.2782
20 10 1.0  16.7457
20 11 7.0  4.0818
20 12 9.0  18.0188
20 13 5.0  10.6417
20 14 10.0  13.7901
20 15 4.0  14.8540
20 16 2.0  5.5181
20 17 9.0  15.4613
20 18 5.0  16.6690
20 19 8.0  15.0221
20 20 0.0  0.0000
20 21 9.0  14.1898
20 22 5.0  20.1925
20 23 5.0  13.5066
20 24 7.0  3.1600
20 25 4.0  14.1086
20 26 0.0  18.9900
20 27 1.0  17.8328
20 28 3.0  7.9895
20 29 10.0  11.3847
20 30 9.0  15.6144
20 31 7.0  16.7251
20 32 4.0  13.4737
20 33 8.0  9.2111
20 34 1.0  3.2796
20 35 2.0  6.6253
20 36 8.0  15.3559
20 37 9.0  15.5546
20 38 9.0  8.1763
20 39 8.0  12.2133
20 40 2.0  17.9841
20 41 0.0  15.7823
20 42 10.0  11.8345
20 43 9.0  15.8143
20 44 7.0  17.4205
20 45 2.0  13.9636
20 46 6.0  12.3208
20 47 1.0  15.5388
20 48 3.0  16.3425
20 49 2.0  6.9819
20 50 4.0  17.1270
21 1 9.0  4.1409
21 2 1.0  9.1579
21 3 9.0  9.2708
21 4 4.0  3.8816
21 5 8.0  9.1671
21 6 1.0  7.5565
21 7 2.0  9.3647
21 8 7.0  12.5294
21 9 4.0  5.1149
21 10 1.0  6.1112
21 11 6.0  10.4478
21 12 9.0  4.3436
21 13 3.0  12.1194
21 14 3.0  1.2447
21 15 0.0  4.5465
21 16 5.0  8.9192
21 17 10.0  6.7543
21 18 7.0  2.7835
21 19 1.0  8.3489
21 20 7.0  14.1898
21 21 0.0  0.0000
21 22 7.0  6.9176
21 23 10.0  4.5936
21 24 6.0  11.2770
21 25 6.0  7.6672
21 26 7.0  7.0882
21 27 7.0  3.8481
21 28 10.0  6.2164
21 29 6.0  10.5348
21 30 10.0  1.4456
21 31 2.0  2.5353
21 32 10.0  1.1163
21 33 8.0  12.3203
21 34 3.0  12.4533
21 35 9.0  10.9182
21 36 1.0  4.3516
21 37 9.0  9.4679
21 38 10.0  7.0062
21 39 3.0  6.5405
21 40 5.0  7.2225
21 41 1.0  3.6661
21 42 3.0  2.9741
21 43 9.0  6.1135
21 44 10.0  5.9859
21 45 6.0  5.2422
21 46 2.0  2.0271
21 47 8.0  1.4086
21 48 10.0  5.9081
21 49 10.0  8.0188
21 50 5.0  2.9427
22 1 9.0  3.7932
22 2 6.0  15.0675
22 3 10.0  11.3061
22 4 9.0  10.6578
22 5 0.0  13.3583
22 6 5.0  14.4500
22 7 3.0  12.8933
22 8 7.0  14.9159
22 9 3.0  10.9677
22 10 9.0  4.5135
22 11 4.0  16.1647
22 12 5.0  2.6034
22 13 6.0  14.6637
22 14 1.0  6.7037
22 15 6.0  5.6541
22 16 4.0  15.3800
22 17 1.0  12.3150
22 18 2.0  4.1652
22 19 1.0  8.2801
22 20 2.0  20.1925
22 21 7.0  6.9176
22 22 0.0  0.0000
22 23 2.0  10.9720
22 24 3.0  17.0740
22 25 4.0  8.4046
22 26 0.0  2.5622
22 27 8.0  3.3516
22 28 4.0  12.3738
22 29 8.0  12.7565
22 30 7.0  6.0125
22 31 3.0  5.1042
22 32 0.0  7.1122
22 33 5.0  15.5177
22 34 9.0  17.8290
22 35 0.0  15.3577
22 36 1.0  5.0451
22 37 7.0  8.9912
22 38 3.0  13.8265
22 39 2.0  13.1861
22 40 1.0  4.1342
22 41 6.0  8.7200
22 42 0.0  9.8899
22 43 5.0  5.5653
22 44 9.0  3.5515
22 45 7.0  6.8560
22 46 5.0  8.8911
22 47 4.0  5.6009
22 48 9.0  4.8203
22 49 6.0  13.3322
22 50 6.0  5.0322
23 1 0.0  8.7131
23 2 6.0  9.2907
23 3 1.0  12.6585
23 4 0.0  1.4133
23 5 8.0  11.2312
23 6 3.0  4.2063
23 7 0.0  11.8917
23 8 5.0  15.3582
23 9 7.0  6.5787
23 10 7.0  10.6985
23 11 1.0  10.6422
23 12 10.0  8.3972
23 13 7.0  14.8998
23 14 4.0  5.6157
23 15 6.0  9.0213
23 16 5.0  8.0290
23 17 4.0  2.6323
23 18 3.0  6.9040
23 19 7.0  12.5674
23 20 6.0  13.5066
23 21 4.0  4.5936
23 22 2.0  10.9720
23 23 0.0  0.0000
23 24 5.0  11.2316
23 25 10.0  11.7541
23 26 10.0  11.5871
23 27 10.0  7.6272
23 28 2.0  6.7208
23 29 1.0  13.6685
23 30 8.0  4.9952
23 31 6.0  5.8801
23 32 6.0  5.2485
23 33 6.0  14.6731
23 34 1.0  12.8255
23 35 7.0  12.4818
23 36 7.0  8.9065
23 37 9.0  13.6843
23 38 8.0  5.3306
23 39 7.0  2.3033
23 40 3.0  11.8143
23 41 4.0  2.7724
23 42 3.0  2.9173
23 43 2.0  10.6275
23 44 3.0  10.5692
23 45 9.0  9.4789
23 46 5.0  3.6723
23 47 7.0  5.5300
23 48 3.0  10.4808
23 49 9.0  9.2227
23 50 10.0  6.0260
24 1 10.0  13.2973
24 2 4.0  2.1208
24 3 2.0  9.0254
24 4 0.0  9.9929
24 5 7.0  5.1586
24 6 10.0  8.4221
24 7 10.0  6.4050
24 8 6.0  8.6998
24 9 1.0  6.2409
24 10 9.0  13.5859
24 11 4.0  0.9220
24 12 7.0  14.9544
24 13 4.0  8.2989
24 14 8.0  10.7757
24 15 6.0  11.6975
24 16 9.0  3.3812
24 17 4.0  13.4629
24 18 3.0  13.6497
24 19 6.0  11.9622
24 20 1.0  3.1600
24 21 6.0  11.2770
24 22 10.0  17.0740
24 23 2.0  11.2316
24 24 0.0  0.0000
24 25 7.0  11.0266
24 26 0.0  15.8322
24 27 0.0  14.8159
24 28 1.0  5.0733
24 29 8.0  8.6850
24 30 2.0  12.7182
24 31 10.0  13.8034
24 32 5.0  10.4853
24 33 10.0  7.0358
24 34 1.0  1.7801
24 35 7.0  4.1003
24 36 8.0  12.2050
24 37 9.0  12.5581
24 38 4.0  6.0755
24 39 5.0  10.3485
24 40 2.0  14.8265
24 41 5.0  13.2396
24 42 4.0  9.1729
24 43 6.0  12.6581
24 44 10.0  14.2624
24 45 8.0  10.8046
24 46 2.0  9.5095
24 47 6.0  12.5850
24 48 7.0  13.1828
24 49 6.0  3.8220
24 50 9.0  14.2187
25 1 2.0  5.3766
25 2 5.0  9.5639
25 3 2.0  2.9846
25 4 0.0  10.5578
25 5 8.0  6.1104
25 6 7.0  12.9430
25 7 0.0  5.1760
25 8 6.0  6.5285
25 9 8.0  6.8220
25 10 6.0  3.8934
25 11 6.0  10.1403
25 12 5.0  7.7174
25 13 1.0  6.3064
25 14 6.0  6.4278
25 15 7.0  3.5124
25 16 6.0  10.9253
25 17 3.0  14.2313
25 18 3.0  7.5362
25 19 0.0  1.0018
25 20 9.0  14.1086
25 21 5.0  7.6672
25 22 3.0  8.4046
25 23 2.0  11.7541
25 24 10.0  11.0266
25 25 0.0  0.0000
25 26 1.0  6.1560
25 27 10.0  8.2829
25 28 1.0  8.1100
25 29 7.0  4.3966
25 30 4.0  8.4136
25 31 7.0  8.7352
25 32 3.0  6.6756
25 33 7.0  7.3215
25 34 0.0  11.1034
25 35 3.0  7.9793
25 36 7.0  4.0667
25 37 8.0  1.9955
25 38 0.0  10.9375
25 39 5.0  13.0334
25 40 1.0  4.6509
25 41 8.0  11.3301
25 42 10.0  9.0188
25 43 8.0  2.8463
25 44 3.0  4.8537
25 45 0.0  2.4500
25 46 3.0  8.0942
25 47 8.0  7.7661
25 48 4.0  3.5909
25 49 4.0  7.3810
25 50 0.0  9.1102
26 1 2.0  3.0186
26 2 2.0  13.9482
26 3 3.0  9.1297
26 4 4.0  10.9687
26 5 2.0  11.6365
26 6 2.0  14.5291
26 7 5.0  10.9994
26 8 0.0  12.6758
26 9 3.0  10.0483
26 10 10.0  2.3719
26 11 4.0  14.9105
26 12 9.0  3.6543
26 13 2.0  12.4623
26 14 0.0  6.4348
26 15 9.0  4.1382
26 16 5.0  14.5943
26 17 5.0  13.3568
26 18 4.0  4.8008
26 19 5.0  5.8833
26 20 9.0  18.9900
26 21 5.0  7.0882
26 22 3.0  2.5622
26 23 8.0  11.5871
26 24 0.0  15.8322
26 25 4.0  6.1560
26 26 0.0  0.0000
26 27 6.0  4.5751
26 28 1.0  11.5145
26 29 1.0  10.5525
26 30 10.0  6.6685
26 31 6.0  6.1100
26 32 10.0  6.8741
26 33 0.0  13.4369
26 34 6.0  16.3718
26 35 2.0  13.6302
26 36 4.0  3.6805
26 37 7.0  6.5009
26 38 3.0  13.4570
26 39 7.0  13.6265
26 40 7.0  1.6103
26 41 6.0  9.7793
26 42 6.0  9.8886
26 43 0.0  3.4442
26 44 2.0  1.5704
26 45 8.0  5.1061
26 46 10.0  8.8084
26 47 9.0  6.0707
26 48 0.0  2.7597
26 49 2.0  12.0152
26 50 0.0  6.2208
27 1 4.0  2.9362
27 2 0.0  12.7240
27 3 4.0  10.7694
27 4 5.0  7.3852
27 5 8.0  11.8674
27 6 4.0  11.2240
27 7 9.0  11.7092
27 8 3.0  14.3558
27 9 6.0  8.5755
27 10 8.0  5.0129
27 11 1.0  13.9429
27 12 10.0  0.9220
27 13 7.0  14.0193
27 14 10.0  4.0439
27 15 5.0  4.8167
27 16 7.0  12.7001
27 17 1.0  9.0096
27 18 1.0  1.1662
27 19 10.0  8.5577
27 20 8.0  17.8328
27 21 6.0  3.8481
27 22 4.0  3.3516
27 23 3.0  7.6272
27 24 7.0  14.8159
27 25 4.0  8.2829
27 26 9.0  4.5751
27 27 0.0  0.0000
27 28 4.0  9.8527
27 29 3.0  12.2002
27 30 7.0  2.7208
27 31 6.0  1.7526
27 32 3.0  4.3662
27 33 0.0  14.5778
27 34 7.0  15.8152
27 35 7.0  13.7961
27 36 5.0  4.2226
27 37 2.0  9.5394
27 38 10.0  10.8536
27 39 1.0  9.8596
27 40 6.0  5.5167
27 41 5.0  5.4027
27 42 9.0  6.7814
27 43 5.0  5.6890
27 44 4.0  4.3088
27 45 3.0  6.0558
27 46 4.0  5.8753
27 47 7.0  2.4440
27 48 0.0  5.0783
27 49 5.0  11.2796
27 50 7.0  1.7155
28 1 10.0  8.7040
28 2 2.0  2.9530
28 3 2.0  7.4780
28 4 1.0  5.3442
28 5 3.0  4.8184
28 6 7.0  5.5060
28 7 6.0  5.7822
28 8 10.0  9.2373
28 9 0.0  1.4714
28 10 9.0  9.5006
28 11 4.0  4.2802
28 12 5.0  10.0827
28 13 10.0  8.7631
28 14 5.0  5.8176
28 15 1.0  7.4607
28 16 5.0  3.0824
28 17 8.0  9.2373
28 18 3.0  8.6920
28 19 4.0  9.1101
28 20 10.0  7.9895
28 21 7.0  6.2164
28 22 7.0  12.3738
28 23 8.0  6.7208
28 24 1.0  5.0733
28 25 9.0  8.1100
28 26 10.0  11.5145
28 27 5.0  9.8527
28 28 0.0  0.0000
28 29 5.0  8.0063
28 30 10.0  7.6528
28 31 8.0  8.7495
28 32 10.0  5.4881
28 33 7.0  8.2320
28 34 8.0  6.3853
28 35 0.0  5.7901
28 36 7.0  7.8404
28 37 0.0  10.0292
28 38 7.0  3.0375
28 39 2.0  6.6068
28 40 8.0  10.8092
28 41 6.0  8.3311
28 42 9.0  4.2327
28 43 2.0  8.7692
28 44 0.0  9.9889
28 45 8.0  6.9204
28 46 5.0  4.4464
28 47 1.0  7.5511
28 48 0.0  9.1179
28 49 0.0  2.5362
28 50 2.0  9.1590
29 1 4.0  9.4510
29 2 10.0  7.9926
29 3 8.0  1.4567
29 4 9.0  12.2915
29 5 6.0  3.6776
29 6 9.0  13.4987
29 7 7.0  2.4090
29 8 5.0  2.1739
29 9 2.0  7.3321
29 10 0.0  8.2666
29 11 2.0  7.9705
29 12 8.0  11.7810
29 13 10.0  1.9113
29 14 7.0  9.3484
29 15 6.0  7.4304
29 16 10.0  9.9216
29 17 3.0  16.2958
29 18 6.0  11.2727
29 19 5.0  4.8412
29 20 5.0  11.3847
29 21 2.0  10.5348
29 22 0.0  12.7565
29 23 1.0  13.6685
29 24 2.0  8.6850
29 25 9.0  4.3966
29 26 8.0  10.5525
29 27 5.0  12.2002
29 28 8.0  8.0063
29 29 0.0  0.0000
29 30 8.0  11.6483
29 31 5.0  12.2579
29 32 10.0  9.4216
29 33 0.0  3.0470
29 34 5.0  8.1235
29 35 7.0  4.7610
29 36 9.0  8.0600
29 37 9.0  4.8092
29 38 4.0  11.0292
29 39 6.0  14.2965
29 40 1.0  9.0358
29 41 4.0  14.0608
29 42 6.0  10.7512
29 43 3.0  7.1960
29 44 1.0  9.2186
29 45 3.0  6.1623
29 46 8.0  10.1457
29 47 7.0  11.0992
29 48 3.0  7.9388
29 49 1.0  6.0336
29 50 1.0  12.6787
30 1 6.0  4.0006
30 2 4.0  10.5984
30 3 1.0  10.3230
30 4 4.0  4.6653
30 5 6.0  10.5208
30 6 3.0  8.5048
30 7 2.0  10.6423
30 8 3.0  13.7009
30 9 8.0  6.5592
30 10 10.0  6.1893
30 11 9.0  11.8921
30 12 0.0  3.4163
30 13 7.0  13.3072
30 14 9.0  2.3480
30 15 3.0  5.0238
30 16 4.0  10.2997
30 17 8.0  6.7104
30 18 1.0  1.9107
30 19 6.0  8.9757
30 20 3.0  15.6144
30 21 2.0  1.4456
30 22 8.0  6.0125
30 23 9.0  4.9952
30 24 3.0  12.7182
30 25 9.0  8.4136
30 26 1.0  6.6685
30 27 10.0  2.7208
30 28 4.0  7.6528
30 29 2.0  11.6483
30 30 0.0  0.0000
30 31 9.0  1.1395
30 32 3.0  2.4240
30 33 6.0  13.5957
30 34 2.0  13.8983
30 35 4.0  12.3111
30 36 10.0  4.6576
30 37 6.0  10.0718
30 38 7.0  8.2581
30 39 1.0  7.1760
30 40 7.0  7.1233
30 41 2.0  3.2110
30 42 0.0  4.1370
30 43 6.0  6.4393
30 44 0.0  5.8406
30 45 8.0  5.9659
30 46 4.0  3.3469
30 47 4.0  0.6860
30 48 10.0  6.0742
30 49 1.0  9.4543
30 50 5.0  1.5148
31 1 3.0  3.8062
31 2 2.0  11.6862
31 3 6.0  10.8852
31 4 0.0  5.7067
31 5 9.0  11.3956
31 6 7.0  9.5674
31 7 7.0  11.4263
31 8 9.0  14.3574
31 9 4.0  7.6083
31 10 0.0  6.0384
31 11 0.0  12.9660
31 12 2.0  2.5856
31 13 3.0  13.9822
31 14 5.0  3.2061
31 15 3.0  5.2396
31 16 5.0  11.4322
31 17 4.0  7.3008
31 18 9.0  1.3870
31 19 10.0  9.1890
31 20 4.0  16.7251
31 21 4.0  2.5353
31 22 1.0  5.1042
31 23 2.0  5.8801
31 24 10.0  13.8034
31 25 2.0  8.7352
31 26 8.0  6.1100
31 27 1.0  1.7526
31 28 4.0  8.7495
31 29 7.0  12.2579
31 30 1.0  1.1395
31 31 0.0  0.0000
31 32 7.0  3.3846
31 33 8.0  14.3646
31 34 3.0  14.9444
31 35 2.0  13.2356
31 36 6.0  4.7639
31 37 2.0  10.2496
31 38 8.0  9.3942
31 39 3.0  8.1264
31 40 0.0  6.8017
31 41 1.0  3.6958
31 42 1.0  5.2693
31 43 9.0  6.4743
31 44 2.0  5.5268
31 45 3.0  6.3307
31 46 1.0  4.4840
31 47 5.0  1.2692
31 48 8.0  5.9971
31 49 6.0  10.4662
31 50 1.0  0.4418
32 1 8.0  3.8556
32 2 8.0  8.3801
32 3 5.0  8.1674
32 4 7.0  4.2879
32 5 10.0  8.1000
32 6 2.0  7.6599
32 7 7.0  8.2613
32 8 8.0  11.4131
32 9 4.0  4.2534
32 10 0.0  5.5570
32 11 2.0  9.6285
32 12 3.0  4.6614
32 13 8.0  11.0035
32 14 9.0  0.4393
32 15 4.0  3.7764
32 16 8.0  8.3581
32 17 4.0  7.5966
32 18 6.0  3.2099
32 19 3.0  7.4100
32 20 7.0  13.4737
32 21 4.0  1.1163
32 22 5.0  7.1122
32 23 9.0  5.2485
32 24 1.0  10.4853
32 25 7.0  6.6756
32 26 10.0  6.8741
32 27 0.0  4.3662
32 28 10.0  5.4881
32 29 7.0  9.4216
32 30 4.0  2.4240
32 31 0.0  3.3846
32 32 0.0  0.0000
32 33 2.0  11.2173
32 34 1.0  11.5729
32 35 6.0  9.8887
32 36 10.0  3.7138
32 37 1.0  8.5320
32 38 8.0  6.7248
32 39 4.0  6.9593
32 40 7.0  6.7633
32 41 10.0  4.7173
32 42 5.0  3.0303
32 43 9.0  5.3888
32 44 2.0  5.5992
32 45 0.0  4.2944
32 46 7.0  1.9414
32 47 7.0  2.1251
32 48 8.0  5.2987
32 49 10.0  7.0823
32 50 0.0  3.8200
33 1 1.0  12.0128
33 2 6.0  7.0983
33 3 3.0  4.3436
33 4 4.0  13.2600
33 5 2.0  3.4508
33 6 2.0  13.6041
33 7 9.0  2.9560
33 8 1.0  1.7737
33 9 2.0  8.0946
33 10 8.0  11.0998
33 11 7.0  6.5663
33 12 7.0  14.2764
33 13 8.0  1.5099
33 14 9.0  11.2477
33 15 6.0  9.9854
33 16 1.0  9.2137
33 17 6.0  17.2848
33 18 7.0  13.5533
33 19 8.0  7.8599
33 20 0.0  9.2111
33 21 1.0  12.3203
33 22 7.0  15.5177
33 23 3.0  14.6731
33 24 9.0  7.0358
33 25 8.0  7.3215
33 26 3.0  13.4369
33 27 3.0  14.5778
33 28 2.0  8.2320
33 29 9.0  3.0470
33 30 2.0  13.5957
33 31 0.0  14.3646
33 32 8.0  11.2173
33 33 0.0  0.0000
33 34 9.0  5.9675
33 35 3.0  2.9984
33 36 10.0  10.6231
33 37 9.0  7.8529
33 38 3.0  11.0037
33 39 8.0  14.8355
33 40 9.0  11.9690
33 41 4.0  15.5810
33 42 3.0  11.8339
33 43 3.0  10.0174
33 44 9.0  12.0294
33 45 10.0  8.7213
33 46 10.0  11.4760
33 47 4.0  13.1328
33 48 0.0  10.7457
33 49 6.0  5.7658
33 50 10.0  14.8016
34 1 8.0  14.0361
34 2 4.0  3.5400
34 3 0.0  8.7391
34 4 3.0  11.5400
34 5 7.0  4.9991
34 6 9.0  10.1805
34 7 0.0  6.0922
34 8 8.0  7.7204
34 9 2.0  7.3398
34 10 2.0  14.0532
34 11 4.0  2.1833
34 12 4.0  15.8640
34 13 2.0  7.3739
34 14 2.0  11.8189
34 15 0.0  12.2883
34 16 4.0  5.1327
34 17 1.0  15.1293
34 18 8.0  14.6544
34 19 5.0  11.9727
34 20 8.0  3.2796
34 21 6.0  12.4533
34 22 9.0  17.8290
34 23 0.0  12.8255
34 24 7.0  1.7801
34 25 7.0  11.1034
34 26 8.0  16.3718
34 27 6.0  15.8152
34 28 1.0  6.3853
34 29 9.0  8.1235
34 30 10.0  13.8983
34 31 9.0  14.9444
34 32 4.0  11.5729
34 33 3.0  5.9675
34 34 0.0  0.0000
34 35 9.0  3.3640
34 36 7.0  12.8437
34 37 8.0  12.4244
34 38 8.0  7.7802
34 39 5.0  12.0615
34 40 3.0  15.2337
34 41 8.0  14.6937
34 42 7.0  10.5970
34 43 8.0  13.0611
34 44 1.0  14.8071
34 45 8.0  11.2714
34 46 10.0  10.8131
34 47 0.0  13.6965
34 48 10.0  13.6507
34 49 9.0  4.5406
34 50 8.0  15.3719
35 1 4.0  11.6197
35 2 6.0  4.1542
35 3 1.0  5.4238
35 4 1.0  11.0841
35 5 5.0  2.0019
35 6 8.0  10.8902
35 7 6.0  2.8241
35 8 2.0  4.6044
35 9 3.0  6.0726
35 10 7.0  11.2645
35 11 9.0  3.5721
35 12 3.0  13.6809
35 13 3.0  4.1988
35 14 1.0  10.0296
35 15 4.0  9.7071
35 16 2.0  6.2766
35 17 8.0  15.0248
35 18 2.0  12.6774
35 19 8.0  8.7838
35 20 3.0  6.6253
35 21 5.0  10.9182
35 22 5.0  15.3577
35 23 8.0  12.4818
35 24 0.0  4.1003
35 25 4.0  7.9793
35 26 3.0  13.6302
35 27 10.0  13.7961
35 28 4.0  5.7901
35 29 2.0  4.7610
35 30 7.0  12.3111
35 31 10.0  13.2356
35 32 5.0  9.8887
35 33 2.0  2.9984
35 34 0.0  3.3640
35 35 0.0  0.0000
35 36 6.0  10.3128
35 37 5.0  9.1444
35 38 6.0  8.2841
35 39 1.0  12.3288
35 40 6.0  12.3549
35 41 10.0  13.7928
35 42 7.0  9.8046
35 43 2.0  10.2180
35 44 0.0  12.0992
35 45 10.0  8.5580
35 46 3.0  9.6767
35 47 2.0  11.9671
35 48 10.0  10.8713
35 49 1.0  3.2611
35 50 2.0  13.6769
36 1 7.0  1.3952
36 2 2.0  10.2853
36 3 6.0  6.6111
36 4 1.0  8.0017
36 5 10.0  8.3140
36 6 6.0  11.2430
36 7 6.0  7.8942
36 8 1.0  10.2311
36 9 4.0  6.3718
36 10 8.0  1.8600
36 11 3.0  11.2854
36 12 0.0  3.7239
36 13 8.0  9.9226
36 14 6.0  3.3093
36 15 0.0  0.6379
36 16 8.0  10.9221
36 17 10.0  11.0964
36 18 6.0  3.4932
36 19 4.0  4.4315
36 20 1.0  15.3559
36 21 10.0  4.3516
36 22 1.0  5.0451
36 23 6.0  8.9065
36 24 1.0  12.2050
36 25 10.0  4.0667
36 26 3.0  3.6805
36 27 3.0  4.2226
36 28 1.0  7.8404
36 29 3.0  8.0600
36 30 2.0  4.6576
36 31 2.0  4.7639
36 32 10.0  3.7138
36 33 4.0  10.6231
36 34 8.0  12.8437
36 35 10.0  10.3128
36 36 0.0  0.0000
36 37 1.0  5.4857
36 38 3.0  9.9161
36 39 5.0  10.6721
36 40 0.0  3.1283
36 41 7.0  7.8065
36 42 2.0  6.6908
36 43 4.0  1.7892
36 44 7.0  2.1511
36 45 10.0  1.9095
36 46 8.0  5.6058
36 47 8.0  3.9737
36 48 6.0  1.5849
36 49 8.0  8.4052
36 50 1.0  5.1081
37 1 8.0  6.6108
37 2 7.0  11.2651
37 3 9.0  3.7341
37 4 9.0  12.5165
37 5 2.0  7.4598
37 6 8.0  14.9363
37 7 6.0  6.3377
37 8 3.0  6.6533
37 9 0.0  8.7823
37 10 5.0  4.6512
37 11 6.0  11.7055
37 12 2.0  8.8486
37 13 7.0  6.5678
37 14 4.0  8.2477
37 15 4.0  5.0501
37 16 4.0  12.7570
37 17 3.0  16.1226
37 18 4.0  8.9582
37 19 8.0  1.1220
37 20 8.0  15.5546
37 21 4.0  9.4679
37 22 2.0  8.9912
37 23 8.0  13.6843
37 24 6.0  12.5581
37 25 10.0  1.9955
37 26 6.0  6.5009
37 27 4.0  9.5394
37 28 5.0  10.0292
37 29 1.0  4.8092
37 30 10.0  10.0718
37 31 4.0  10.2496
37 32 9.0  8.5320
37 33 6.0  7.8529
37 34 2.0  12.4244
37 35 5.0  9.1444
37 36 8.0  5.4857
37 37 0.0  0.0000
37 38 10.0  12.9022
37 39 9.0  15.0160
37 40 0.0  4.8907
37 41 9.0  13.1034
37 42 3.0  10.9883
37 43 5.0  3.8505
37 44 9.0  5.5623
37 45 0.0  4.2381
37 46 9.0  10.0412
37 47 1.0  9.4008
37 48 4.0  4.4923
37 49 1.0  9.0750
37 50 3.0  10.5892
38 1 10.0  10.4734
38 2 7.0  4.3923
38 3 5.0  10.5115
38 4 2.0  4.3003
38 5 4.0  7.6989
38 6 1.0  2.6082
38 7 10.0  8.7570
38 8 8.0  12.1554
38 9 3.0  4.1200
38 10 4.0  11.7208
38 11 9.0  5.6388
38 12 0.0  11.3131
38 13 8.0  11.6820
38 14 5.0  7.1471
38 15 6.0  9.6745
38 16 8.0  2.7402
38 17 8.0  7.4014
38 18 1.0  9.7753
38 19 7.0  11.9246
38 20 6.0  8.1763
38 21 10.0  7.0062
38 22 3.0  13.8265
38 23 10.0  5.3306
38 24 4.0  6.0755
38 25 2.0  10.9375
38 26 8.0  13.4570
38 27 0.0  10.8536
38 28 3.0  3.0375
38 29 1.0  11.0292
38 30 1.0  8.2581
38 31 6.0  9.3942
38 32 1.0  6.7248
38 33 6.0  11.0037
38 34 0.0  7.7802
38 35 1.0  8.2841
38 36 0.0  9.9161
38 37 10.0  12.9022
38 38 0.0  0.0000
38 39 0.0  4.2813
38 40 6.0  13.0255
38 41 0.0  7.7158
38 42 4.0  4.1296
38 43 5.0  11.1568
38 44 0.0  12.0333
38 45 10.0  9.4132
38 46 8.0  4.9800
38 47 6.0  8.4102
38 48 7.0  11.3709
38 49 4.0  5.2500
38 50 5.0  9.7298
39 1 1.0  10.6723
39 2 10.0  8.6428
39 3 5.0  13.4691
39 4 5.0  2.6790
39 5 7.0  11.4042
39 6 9.0  2.2550
39 7 5.0  12.2659
39 8 4.0  15.7590
39 9 10.0  6.9669
39 10 8.0  12.5153
39 11 4.0  9.9161
39 12 9.0  10.5923
39 13 1.0  15.2877
39 14 3.0  7.3739
39 15 5.0  10.6874
39 16 1.0  6.9820
39 17 4.0  3.2683
39 18 3.0  9.0633
39 19 10.0  13.9240
39 20 4.0  12.2133
39 21 9.0  6.5405
39 22 8.0  13.1861
39 23 6.0  2.3033
39 24 1.0  10.3485
39 25 9.0  13.0334
39 26 5.0  13.6265
39 27 10.0  9.8596
39 28 2.0  6.6068
39 29 10.0  14.2965
39 30 1.0  7.1760
39 31 8.0  8.1264
39 32 0.0  6.9593
39 33 0.0  14.8355
39 34 2.0  12.0615
39 35 3.0  12.3288
39 36 6.0  10.6721
39 37 9.0  15.0160
39 38 8.0  4.2813
39 39 0.0  0.0000
39 40 8.0  13.7018
39 41 8.0  5.0400
39 42 3.0  4.0608
39 43 1.0  12.3044
39 44 5.0  12.4974
39 45 4.0  10.9385
39 46 4.0  5.1008
39 47 10.0  7.6497
39 48 4.0  12.2566
39 49 8.0  9.1213
39 50 0.0  8.2984
40 1 1.0  3.1339
40 2 10.0  13.0377
40 3 7.0  7.6355
40 4 9.0  11.0228
40 5 5.0  10.3834
40 6 9.0  14.3621
40 7 7.0  9.6500
40 8 10.0  11.1349
40 9 6.0  9.3400
40 10 8.0  1.3124
40 11 7.0  13.9061
40 12 7.0  4.6457
40 13 5.0  10.9393
40 14 6.0  6.3371
40 15 5.0  3.3679
40 16 5.0  13.8831
40 17 9.0  13.8129
40 18 9.0  5.4191
40 19 3.0  4.2989
40 20 5.0  17.9841
40 21 7.0  7.2225
40 22 10.0  4.1342
40 23 6.0  11.8143
40 24 6.0  14.8265
40 25 4.0  4.6509
40 26 0.0  1.6103
40 27 0.0  5.5167
40 28 1.0  10.8092
40 29 2.0  9.0358
40 30 6.0  7.1233
40 31 1.0  6.8017
40 32 3.0  6.7633
40 33 4.0  11.9690
40 34 8.0  15.2337
40 35 10.0  12.3549
40 36 9.0  3.1283
40 37 4.0  4.8907
40 38 7.0  13.0255
40 39 7.0  13.7018
40 40 0.0  0.0000
40 41 10.0  10.3273
40 42 2.0  9.7801
40 43 3.0  2.1750
40 44 4.0  1.2844
40 45 7.0  4.0257
40 46 9.0  8.6900
40 47 8.0  6.4632
40 48 1.0  1.6916
40 49 6.0  11.0081
40 50 6.0  7.0032
41 1 4.0  7.2109
41 2 9.0  11.1784
41 3 2.0  12.8560
41 4 3.0  3.4171
41 5 4.0  12.2526
41 6 9.0  6.9591
41 7 5.0  12.6586
41 8 4.0  15.9735
41 9 7.0  7.7215
41 10 6.0  9.3967
41 11 4.0  12.5412
41 12 0.0  6.2750
41 13 5.0  15.5433
41 14 5.0  4.9103
41 15 4.0  8.1056
41 16 1.0  10.2653
41 17 5.0  3.6080
41 18 1.0  4.9821
41 19 5.0  11.9890
41 20 10.0  15.7823
41 21 8.0  3.6661
41 22 3.0  8.7200
41 23 1.0  2.7724
41 24 9.0  13.2396
41 25 5.0  11.3301
41 26 8.0  9.7793
41 27 8.0  5.4027
41 28 2.0  8.3311
41 29 7.0  14.0608
41 30 1.0  3.2110
41 31 9.0  3.6958
41 32 9.0  4.7173
41 33 10.0  15.5810
41 34 9.0  14.6937
41 35 2.0  13.7928
41 36 3.0  7.8065
41 37 5.0  13.1034
41 38 5.0  7.7158
41 39 6.0  5.0400
41 40 1.0  10.3273
41 41 0.0  0.0000
41 42 1.0  4.0996
41 43 10.0  9.5957
41 44 0.0  9.0432
41 45 6.0  8.8961
41 46 3.0  4.1302
41 47 4.0  3.8876
41 48 7.0  9.2695
41 49 8.0  10.6305
41 50 3.0  3.6927
42 1 0.0  6.8746
42 2 7.0  7.0923
42 3 0.0  9.7519
42 4 1.0  1.5685
42 5 8.0  8.4145
42 6 10.0  4.6421
42 7 6.0  9.0080
42 8 3.0  12.4585
42 9 5.0  3.7663
42 10 9.0  8.5489
42 11 10.0  8.4521
42 12 4.0  7.3168
42 13 5.0  12.0032
42 14 8.0  3.4667
42 15 3.0  6.6571
42 16 3.0  6.3639
42 17 8.0  5.5460
42 18 4.0  5.7535
42 19 9.0  9.8871
42 20 3.0  11.8345
42 21 10.0  2.9741
42 22 8.0  9.8899
42 23 2.0  2.9173
42 24 8.0  9.1729
42 25 8.0  9.0188
42 26 8.0  9.8886
42 27 9.0  6.7814
42 28 0.0  4.2327
42 29 3.0  10.7512
42 30 6.0  4.1370
42 31 3.0  5.2693
42 32 1.0  3.0303
42 33 0.0  11.8339
42 34 2.0  10.5970
42 35 2.0  9.8046
42 36 8.0  6.6908
42 37 10.0  10.9883
42 38 6.0  4.1296
42 39 9.0  4.0608
42 40 2.0  9.7801
42 41 4.0  4.0996
42 42 0.0  0.0000
42 43 8.0  8.2694
42 44 6.0  8.6288
42 45 9.0  6.8788
42 46 3.0  1.0907
42 47 9.0  4.3442
42 48 0.0  8.2664
42 49 10.0  6.5874
42 50 0.0  5.6003
43 1 7.0  2.7624
43 2 2.0  10.8936
43 3 9.0  5.7507
43 4 4.0  9.6556
43 5 4.0  8.2351
43 6 4.0  12.7091
43 7 0.0  7.5582
43 8 10.0  9.3514
43 9 2.0  7.3125
43 10 0.0  1.0827
43 11 0.0  11.7386
43 12 8.0  5.0157
43 13 1.0  9.1057
43 14 10.0  5.0117
43 15 8.0  1.6177
43 16 1.0  11.8220
43 17 1.0  12.8668
43 18 3.0  5.1440
43 19 0.0  2.8956
43 20 8.0  15.8143
43 21 1.0  6.1135
43 22 2.0  5.5653
43 23 10.0  10.6275
43 24 7.0  12.6581
43 25 6.0  2.8463
43 26 7.0  3.4442
43 27 8.0  5.6890
43 28 2.0  8.7692
43 29 5.0  7.1960
43 30 7.0  6.4393
43 31 3.0  6.4743
43 32 1.0  5.3888
43 33 7.0  10.0174
43 34 1.0  13.0611
43 35 5.0  10.2180
43 36 9.0  1.7892
43 37 5.0  3.8505
43 38 5.0  11.1568
43 39 9.0  12.3044
43 40 7.0  2.1750
43 41 3.0  9.5957
43 42 7.0  8.2694
43 43 0.0  0.0000
43 44 2.0  2.0230
43 45 3.0  1.8788
43 46 7.0  7.2054
43 47 8.0  5.7541
43 48 4.0  0.7455
43 49 6.0  8.8430
43 50 0.0  6.7893
44 1 3.0  1.8627
44 2 1.0  12.3851
44 3 10.0  7.7737
44 4 3.0  9.8199
44 5 1.0  10.1011
44 6 6.0  13.2441
44 7 10.0  9.5079
44 8 6.0  11.3718
44 9 3.0  8.5192
44 10 10.0  0.9625
44 11 0.0  13.3406
44 12 9.0  3.4760
44 13 2.0  11.1285
44 14 1.0  5.1651
44 15 5.0  2.5724
44 16 1.0  13.0711
44 17 4.0  12.5356
44 18 4.0  4.1418
44 19 4.0  4.7629
44 20 8.0  17.4205
44 21 0.0  5.9859
44 22 9.0  3.5515
44 23 0.0  10.5692
44 24 5.0  14.2624
44 25 0.0  4.8537
44 26 1.0  1.5704
44 27 1.0  4.3088
44 28 8.0  9.9889
44 29 4.0  9.2186
44 30 6.0  5.8406
44 31 6.0  5.5268
44 32 5.0  5.5992
44 33 7.0  12.0294
44 34 5.0  14.8071
44 35 8.0  12.0992
44 36 6.0  2.1511
44 37 9.0  5.5623
44 38 5.0  12.0333
44 39 1.0  12.4974
44 40 2.0  1.2844
44 41 5.0  9.0432
44 42 10.0  8.6288
44 43 9.0  2.0230
44 44 0.0  0.0000
44 45 5.0  3.5520
44 46 0.0  7.5387
44 47 3.0  5.1833
44 48 7.0  1.2844
44 49 3.0  10.4450
44 50 5.0  5.7406
45 1 9.0  3.3046
45 2 0.0  9.0178
45 3 3.0  4.7202
45 4 8.0  8.3642
45 5 9.0  6.5572
45 6 9.0  11.1235
45 7 6.0  6.0373
45 8 0.0  8.3301
45 9 8.0  5.4765
45 10 2.0  2.7883
45 11 4.0  9.8836
45 12 3.0  5.6200
45 13 8.0  8.0160
45 14 9.0  4.0132
45 15 9.0  1.2732
45 16 1.0  9.9584
45 17 4.0  11.8884
45 18 4.0  5.1977
45 19 10.0  3.1162
45 20 10.0  13.9636
45 21 4.0  5.2422
45 22 10.0  6.8560
45 23 2.0  9.4789
45 24 1.0  10.8046
45 25 8.0  2.4500
45 26 5.0  5.1061
45 27 0.0  6.0558
45 28 10.0  6.9204
45 29 1.0  6.1623
45 30 3.0  5.9659
45 31 4.0  6.3307
45 32 9.0  4.2944
45 33 3.0  8.7213
45 34 8.0  11.2714
45 35 6.0  8.5580
45 36 1.0  1.9095
45 37 4.0  4.2381
45 38 10.0  9.4132
45 39 1.0  10.9385
45 40 1.0  4.0257
45 41 1.0  8.8961
45 42 3.0  6.8788
45 43 3.0  1.8788
45 44 8.0  3.5520
45 45 0.0  0.0000
45 46 10.0  5.8773
45 47 1.0  5.3235
45 48 9.0  2.3847
45 49 4.0  6.9843
45 50 3.0  6.7204
46 1 6.0  5.7918
46 2 1.0  7.3936
46 3 5.0  9.0568
46 4 6.0  2.4870
46 5 1.0  8.1250
46 6 7.0  5.7211
46 7 1.0  8.5773
46 8 6.0  11.9589
46 9 7.0  3.6209
46 10 0.0  7.4624
46 11 6.0  8.7265
46 12 10.0  6.3456
46 13 5.0  11.5159
46 14 4.0  2.3790
46 15 2.0  5.5895
46 16 0.0  6.9570
46 17 8.0  6.2296
46 18 1.0  4.7982
46 19 4.0  8.9300
46 20 7.0  12.3208
46 21 3.0  2.0271
46 22 3.0  8.8911
46 23 9.0  3.6723
46 24 4.0  9.5095
46 25 6.0  8.0942
46 26 4.0  8.8084
46 27 4.0  5.8753
46 28 5.0  4.4464
46 29 0.0  10.1457
46 30 6.0  3.3469
46 31 9.0  4.4840
46 32 6.0  1.9414
46 33 7.0  11.4760
46 34 1.0  10.8131
46 35 10.0  9.6767
46 36 6.0  5.6058
46 37 8.0  10.0412
46 38 1.0  4.9800
46 39 1.0  5.1008
46 40 2.0  8.6900
46 41 1.0  4.1302
46 42 7.0  1.0907
46 43 1.0  7.2054
46 44 4.0  7.5387
46 45 9.0  5.8773
46 46 0.0  0.0000
46 47 1.0  3.4341
46 48 2.0  7.1842
46 49 6.0  6.5617
46 50 3.0  4.8562
47 1 4.0  3.3333
47 2 3.0  10.4724
47 3 4.0  9.7525
47 4 8.0  5.0666
47 5 10.0  10.1328
47 6 6.0  8.8510
47 7 3.0  10.1877
47 8 1.0  13.1753
47 9 10.0  6.3685
47 10 9.0  5.5092
47 11 1.0  11.7377
47 12 3.0  3.0011
47 13 5.0  12.7908
47 14 5.0  1.9375
47 15 8.0  4.3508
47 16 6.0  10.3121
47 17 5.0  7.3537
47 18 3.0  1.4357
47 19 4.0  8.3088
47 20 4.0  15.5388
47 21 3.0  1.4086
47 22 4.0  5.6009
47 23 3.0  5.5300
47 24 10.0  12.5850
47 25 6.0  7.7661
47 26 6.0  6.0707
47 27 7.0  2.4440
47 28 5.0  7.5511
47 29 8.0  11.0992
47 30 2.0  0.6860
47 31 6.0  1.2692
47 32 2.0  2.1251
47 33 3.0  13.1328
47 34 8.0  13.6965
47 35 10.0  11.9671
47 36 0.0  3.9737
47 37 4.0  9.4008
47 38 0.0  8.4102
47 39 10.0  7.6497
47 40 1.0  6.4632
47 41 7.0  3.8876
47 42 0.0  4.3442
47 43 5.0  5.7541
47 44 1.0  5.1833
47 45 4.0  5.3235
47 46 0.0  3.4341
47 47 0.0  0.0000
47 48 6.0  5.3896
47 49 9.0  9.2066
47 50 4.0  1.7099
48 1 8.0  2.2051
48 2 0.0  11.3658
48 3 7.0  6.4917
48 4 1.0  9.5866
48 5 3.0  8.8792
48 6 4.0  12.7926
48 7 7.0  8.2467
48 8 7.0  10.0959
48 9 0.0  7.6493
48 10 0.0  0.4036
48 11 5.0  12.2613
48 12 1.0  4.3581
48 13 4.0  9.8479
48 14 5.0  4.8933
48 15 2.0  1.6965
48 16 2.0  12.1915
48 17 2.0  12.6299
48 18 1.0  4.6339
48 19 4.0  3.5929
48 20 2.0  16.3425
48 21 0.0  5.9081
48 22 5.0  4.8203
48 23 8.0  10.4808
48 24 1.0  13.1828
48 25 8.0  3.5909
48 26 9.0  2.7597
48 27 3.0  5.0783
48 28 9.0  9.1179
48 29 4.0  7.9388
48 30 1.0  6.0742
48 31 0.0  5.9971
48 32 1.0  5.2987
48 33 10.0  10.7457
48 34 7.0  13.6507
48 35 3.0  10.8713
48 36 0.0  1.5849
48 37 9.0  4.4923
48 38 8.0  11.3709
48 39 8.0  12.2566
48 40 8.0  1.6916
48 41 6.0  9.2695
48 42 2.0  8.2664
48 43 9.0  0.7455
48 44 0.0  1.2844
48 45 5.0  2.3847
48 46 9.0  7.1842
48 47 0.0  5.3896
48 48 0.0  0.0000
48 49 7.0  9.3611
48 50 10.0  6.2837
49 1 4.0  9.5415
49 2 7.0  2.1910
49 3 0.0  5.8788
49 4 7.0  7.8282
49 5 4.0  2.4773
49 6 10.0  7.8422
49 7 3.0  3.6454
49 8 1.0  6.9265
49 9 2.0  2.9490
49 10 10.0  9.7641
49 11 3.0  2.9002
49 12 1.0  11.3245
49 13 10.0  6.4553
49 14 3.0  7.3048
49 15 9.0  7.8848
49 16 4.0  3.9015
49 17 6.0  11.7645
49 18 9.0  10.1210
49 19 0.0  8.3544
49 20 1.0  6.9819
49 21 6.0  8.0188
49 22 8.0  13.3322
49 23 6.0  9.2227
49 24 6.0  3.8220
49 25 4.0  7.3810
49 26 6.0  12.0152
49 27 0.0  11.2796
49 28 3.0  2.5362
49 29 6.0  6.0336
49 30 5.0  9.4543
49 31 2.0  10.4662
49 32 8.0  7.0823
49 33 2.0  5.7658
49 34 0.0  4.5406
49 35 4.0  3.2611
49 36 4.0  8.4052
49 37 8.0  9.0750
49 38 7.0  5.2500
49 39 5.0  9.1213
49 40 8.0  11.0081
49 41 4.0  10.6305
49 42 9.0  6.5874
49 43 7.0  8.8430
49 44 3.0  10.4450
49 45 10.0  6.9843
49 46 5.0  6.5617
49 47 5.0  9.2066
49 48 3.0  9.3611
49 49 0.0  0.0000
49 50 4.0  10.8996
50 1 6.0  4.0807
50 2 4.0  12.1001
50 3 10.0  11.3001
50 4 1.0  5.9475
50 5 8.0  11.8374
50 6 6.0  9.8136
50 7 6.0  11.8649
50 8 3.0  14.7833
50 9 4.0  8.0337
50 10 9.0  6.3024
50 11 7.0  13.3854
50 12 10.0  2.6122
50 13 9.0  14.4105
50 14 2.0  3.6473
50 15 10.0  5.6048
50 16 8.0  11.8120
50 17 7.0  7.2972
50 18 3.0  1.6501
50 19 5.0  9.5392
50 20 1.0  17.1270
50 21 7.0  2.9427
50 22 3.0  5.0322
50 23 6.0  6.0260
50 24 3.0  14.2187
50 25 8.0  9.1102
50 26 7.0  6.2208
50 27 2.0  1.7155
50 28 3.0  9.1590
50 29 0.0  12.6787
50 30 5.0  1.5148
50 31 7.0  0.4418
50 32 4.0  3.8200
50 33 7.0  14.8016
50 34 4.0  15.3719
50 35 5.0  13.6769
50 36 5.0  5.1081
50 37 10.0  10.5892
50 38 0.0  9.7298
50 39 6.0  8.2984
50 40 2.0  7.0032
50 41 7.0  3.6927
50 42 1.0  5.6003
50 43 1.0  6.7893
50 44 6.0  5.7406
50 45 3.0  6.7204
50 46 0.0  4.8562
50 47 3.0  1.7099
50 48 8.0  6.2837
50 49 1.0  10.8996
50 50 0.0  0.0000
